data/100m/istykkelse.asc
ncols         480
nrows         500
xllcorner     57000
yllcorner     6698000
cellsize      100
NODATA_value  -9999
[rows 102 to 135 of 500, columns 231 to 307 of 480]
-9999 -9999 -9999 -9999 -9999 -9999 0 16 28 21 22 32 45 48 64 75 88 115 151 193 213 232 232 208 209 199 189 183 177 171 167 166 165 162 157 141 136 132 129 116 83 48 31 21 13 39 74 107 136 151 158 158 156 168 170 153 136 139 152 159 157 159 168 181 185 173 157 141 132 126 120 112 95 72 34 21 -9999
-9999 -9999 -9999 -9999 30 21 1 8 34 27 28 40 50 56 67 76 98 124 156 188 210 226 232 227 239 219 203 197 192 187 181 174 170 168 171 175 188 169 145 123 92 70 57 49 34 45 100 134 146 164 173 178 186 194 193 179 164 163 168 172 168 174 185 194 187 165 144 125 120 119 121 115 84 49 19 35 -9999
-9999 -9999 -9999 27 41 55 1 1 9 25 34 45 56 64 69 79 109 127 161 188 209 227 238 247 247 221 204 207 205 200 192 180 166 156 164 182 198 185 157 136 115 101 93 106 84 64 106 162 184 193 192 198 215 216 210 199 186 181 185 184 183 194 206 194 164 148 129 116 107 94 98 92 64 34 9 -9999 -9999
-9999 -9999 -9999 34 62 82 2 4 2 17 39 50 62 69 75 85 109 122 153 187 213 230 241 247 243 219 199 196 205 213 195 190 155 129 149 178 197 194 170 167 159 136 136 161 154 129 132 166 199 207 213 224 238 235 225 213 208 205 204 197 199 201 195 169 137 108 96 97 85 65 60 59 43 23 4 -9999 -9999
-9999 -9999 -9999 20 49 68 21 35 31 33 43 58 79 89 99 115 133 150 171 201 224 236 243 245 238 222 200 188 192 204 191 178 142 108 134 171 193 188 188 191 181 159 179 201 208 210 204 206 214 224 232 232 237 241 241 228 227 229 223 217 206 198 175 138 107 77 43 38 36 42 36 17 3 17 20 40 54
-9999 -9999 -9999 -9999 16 57 39 68 55 31 26 55 82 104 122 143 168 191 213 231 237 243 246 249 245 234 212 184 166 155 150 141 118 104 130 166 186 191 193 201 211 219 233 241 253 267 250 227 214 196 194 216 229 237 244 234 233 225 215 220 195 164 143 118 83 50 15 1 3 14 7 0 26 9 20 39 58
-9999 -9999 -9999 -9999 10 25 55 72 52 16 6 34 58 77 92 101 114 143 187 228 242 243 247 255 258 252 228 184 126 94 95 102 102 111 137 165 188 198 206 221 251 277 282 272 270 271 246 219 188 173 164 161 174 207 215 217 233 227 190 182 157 120 101 80 59 38 18 6 6 8 10 10 -9999 5 14 37 55
-9999 -9999 -9999 15 27 49 66 69 53 24 21 46 62 66 70 72 80 98 142 195 224 232 239 251 260 259 244 206 145 86 66 76 94 113 138 164 188 203 216 227 250 282 292 287 275 258 242 217 178 147 121 108 119 144 153 175 199 201 153 121 100 74 60 47 34 24 15 11 11 9 7 2 -9999 -9999 10 30 51
-9999 -9999 16 4 32 57 62 63 57 41 44 71 86 83 88 82 77 101 151 192 213 217 220 236 252 255 254 240 193 115 57 55 70 91 115 140 169 190 203 225 253 278 287 285 268 243 223 202 166 127 96 85 88 97 105 118 122 117 89 75 62 43 34 25 16 7 4 12 25 31 25 14 1 8 -9999 13 37
-9999 15 33 11 38 53 51 57 65 56 50 65 79 81 92 91 90 116 174 201 210 205 209 232 245 250 255 235 187 111 52 36 44 55 75 100 129 157 186 217 242 260 266 260 246 226 213 193 158 125 104 92 85 88 93 85 75 62 49 45 40 31 24 17 10 11 21 34 46 45 40 33 20 7 1 7 20
-9999 19 2 20 36 38 39 49 67 70 60 58 62 68 87 85 92 127 173 200 203 194 199 212 216 232 259 228 164 97 51 37 38 43 59 78 96 123 169 201 221 231 222 215 213 205 198 185 152 120 104 94 86 86 86 80 69 55 46 39 28 13 5 12 31 56 77 92 91 69 51 51 45 31 16 6 -9999
-9999 0 1 13 19 20 32 50 66 75 76 72 70 77 103 97 97 131 167 194 195 180 171 164 175 216 253 225 173 107 47 37 37 53 74 84 97 121 153 177 179 178 175 181 181 176 170 170 156 128 99 85 90 95 92 87 78 65 55 47 32 15 2 7 34 69 104 128 114 80 64 63 57 47 26 8 -9999
-9999 -9999 -9999 1 1 6 28 51 68 76 94 104 116 134 148 121 114 144 167 187 191 180 172 155 163 217 241 228 190 124 56 16 14 52 81 93 101 110 123 142 157 158 157 163 163 163 161 157 158 141 120 107 108 112 108 101 94 80 66 52 38 25 11 2 12 42 79 97 83 93 97 89 76 59 38 14 -9999
-9999 -9999 -9999 -9999 -9999 5 28 56 76 96 126 142 151 164 154 121 133 158 171 182 190 191 191 179 196 230 243 236 211 151 78 16 9 48 88 102 102 94 82 92 133 157 162 153 151 156 163 168 169 169 149 139 134 127 122 116 111 95 77 60 47 37 27 10 0 15 52 76 81 86 91 97 95 76 62 32 13
9 -9999 -9999 -9999 -9999 14 43 74 90 116 140 148 151 154 137 115 140 167 171 176 184 193 204 207 217 231 246 251 246 198 109 47 43 76 106 114 109 91 73 88 132 165 169 153 147 152 167 183 178 175 171 170 162 151 137 126 118 103 88 73 59 53 47 33 7 4 37 66 86 89 101 114 111 90 82 50 25
35 45 23 21 28 51 73 89 103 114 127 139 156 167 156 145 167 185 182 194 210 219 235 240 222 226 248 262 269 235 140 91 106 129 130 132 131 125 111 123 159 190 186 166 153 155 172 197 199 184 183 190 190 182 153 126 113 107 98 90 80 67 67 55 29 18 34 65 89 100 116 130 117 106 95 60 43
64 64 69 79 80 70 75 104 137 150 160 193 216 223 214 212 230 235 239 257 270 267 265 249 203 206 237 262 271 247 179 156 173 177 155 154 160 160 154 143 168 206 212 189 169 165 174 201 246 267 247 234 228 219 188 141 115 107 100 96 89 74 76 69 53 35 37 79 106 115 135 141 123 130 101 67 61
107 101 109 114 109 94 96 134 176 209 239 269 277 279 285 293 299 298 308 324 324 307 276 227 184 197 231 260 275 261 229 219 230 218 176 173 179 184 183 168 168 206 230 221 196 182 184 195 224 275 304 289 267 251 225 168 125 103 99 97 98 121 89 88 79 69 74 112 132 142 156 151 134 139 117 92 77
133 143 157 159 153 143 153 184 213 249 278 275 270 272 279 289 302 329 348 351 353 339 281 215 184 195 228 263 277 270 262 262 278 262 204 191 200 199 203 196 179 193 230 242 227 214 207 206 212 244 304 323 303 275 241 184 134 101 93 87 102 135 115 107 115 114 116 139 148 167 168 154 153 150 127 107 94
152 174 191 209 210 203 210 232 257 266 253 242 247 258 271 286 313 357 370 364 367 346 275 206 188 196 227 270 281 275 276 285 301 299 257 231 230 215 195 181 180 197 224 238 242 243 237 230 228 236 266 310 317 287 246 191 145 110 90 70 84 130 128 130 157 154 140 142 144 166 170 167 171 158 122 106 106
172 192 213 246 258 240 230 253 271 236 204 204 212 231 261 289 319 349 365 367 358 317 245 201 193 198 216 253 271 275 282 290 299 313 316 301 272 243 222 217 221 224 223 222 231 251 267 266 265 263 276 305 314 286 244 200 158 125 95 66 65 104 129 149 168 162 157 149 143 151 167 184 196 183 134 111 119
178 198 214 230 229 237 246 249 217 176 168 181 197 212 250 291 321 340 344 352 339 292 229 205 200 200 208 230 249 262 274 284 293 307 319 312 292 265 253 254 260 252 234 227 235 262 293 314 316 317 322 328 314 278 243 204 165 136 110 86 75 90 120 139 143 140 142 144 147 157 165 174 197 201 166 140 142
160 184 195 186 170 177 205 204 157 141 154 162 189 210 236 285 314 333 335 332 329 296 250 227 211 206 210 221 234 247 261 274 287 297 301 300 292 277 267 268 271 266 252 245 253 278 304 321 332 337 338 329 304 271 231 192 163 142 119 107 97 86 99 112 128 145 150 155 170 188 191 197 216 223 206 189 186
125 144 153 134 135 157 185 174 139 143 152 160 189 209 225 254 278 286 311 320 328 313 286 261 240 224 228 231 233 238 249 264 279 293 295 294 291 283 277 279 281 278 269 260 258 283 309 325 332 337 332 311 282 247 216 192 169 148 134 129 124 112 117 128 153 183 184 191 220 241 243 246 254 255 242 227 211
81 85 88 89 113 151 174 159 147 155 160 178 192 197 216 252 262 270 292 311 327 331 316 300 280 269 262 258 254 247 243 254 270 286 288 289 291 289 284 289 295 296 288 275 272 299 318 330 331 334 328 300 262 230 221 207 174 155 153 169 166 153 160 169 191 218 212 210 230 247 254 260 264 261 249 228 198
55 47 46 69 95 130 166 162 156 166 182 194 181 180 203 232 264 272 285 305 325 343 338 329 315 314 302 291 284 274 252 248 260 273 280 283 290 296 293 298 310 319 309 298 300 313 323 329 321 321 312 274 239 215 210 197 168 160 171 191 191 189 193 201 214 227 220 222 239 254 262 266 267 264 250 226 194
19 19 15 40 77 103 148 181 182 181 195 186 163 171 192 212 241 267 282 296 317 336 343 335 338 342 327 321 309 296 267 253 257 264 273 277 287 297 302 308 317 323 317 311 309 310 316 313 307 300 268 229 203 200 196 192 179 181 190 199 205 213 217 223 228 233 233 238 250 266 271 269 274 274 258 232 204
-9999 -9999 22 18 55 84 110 143 160 168 175 162 151 161 179 203 233 258 276 294 311 320 331 337 339 339 333 326 316 303 285 273 269 269 270 276 291 302 311 318 322 320 315 308 305 302 308 300 286 262 223 180 173 203 207 209 207 207 212 216 220 224 229 234 240 244 249 255 265 276 279 281 286 283 266 246 219
-9999 -9999 2 15 41 68 83 96 113 128 140 143 150 163 178 196 218 242 264 284 291 297 314 330 337 337 334 328 320 310 299 292 288 287 288 294 303 313 322 328 329 324 312 302 302 302 298 287 263 232 193 165 184 218 225 234 237 232 228 232 235 240 245 251 256 261 264 268 276 285 295 302 301 289 264 246 222
-9999 23 9 28 40 45 64 82 96 110 126 139 154 171 183 193 209 226 240 257 268 277 294 312 329 338 336 332 326 318 311 306 303 303 305 309 316 327 335 341 345 338 315 294 303 314 304 275 245 219 194 185 206 227 239 251 256 250 244 245 250 258 267 274 278 279 278 278 280 289 302 300 285 266 244 225 206
-9999 0 17 46 60 48 55 84 102 117 135 153 169 181 190 191 195 194 203 223 244 258 272 284 302 323 334 334 331 325 321 317 315 316 318 323 332 341 348 358 365 354 320 289 301 334 314 259 223 211 206 200 211 228 244 255 256 254 252 256 265 277 289 300 304 298 288 279 277 278 279 273 254 234 216 198 187
13 1 25 48 57 53 50 83 110 131 151 175 190 194 193 186 176 139 148 181 214 241 257 262 276 293 307 314 319 324 327 325 325 326 327 331 339 350 360 370 368 355 336 300 290 317 289 221 199 210 212 197 201 225 247 257 256 254 254 259 272 290 311 322 320 309 290 276 267 261 255 249 241 225 199 175 168
18 2 27 34 38 49 55 71 105 137 161 188 217 224 222 212 181 118 106 135 185 232 247 250 258 268 277 284 289 297 307 317 327 332 332 335 345 355 368 372 367 361 360 346 303 256 222 193 191 204 197 180 191 225 251 257 252 249 249 255 271 294 320 327 318 305 286 270 255 246 242 241 243 239 220 189 167
-9999 4 13 13 17 36 51 56 76 101 126 162 205 247 266 266 223 142 94 110 165 217 239 232 221 236 253 253 255 258 269 286 304 318 324 331 346 357 370 372 366 364 370 380 346 261 204 172 177 185 167 154 178 224 249 246 238 235 235 241 261 286 307 318 316 298 280 267 256 249 246 245 244 245 238 213 192
