data/100m/istykkelse.asc
ncols         480
nrows         500
xllcorner     57000
yllcorner     6698000
cellsize      100
NODATA_value  -9999
[rows 68 to 101 of 500, columns 231 to 307 of 480]
-9999 -9999 -9999 -9999 -9999 -9999 -9999 -9999 -9999 -9999 -9999 -9999 -9999 -9999 -9999 -9999 -9999 -9999 -9999 -9999 -9999 -9999 -9999 -9999 -9999 -9999 -9999 -9999 -9999 -9999 -9999 -9999 -9999 -9999 -9999 -9999 -9999 -9999 16 -9999 -9999 -9999 -9999 -9999 -9999 -9999 21 39 21 -9999 27 40 -9999 -9999 -9999 -9999 -9999 -9999 -9999 -9999 -9999 -9999 -9999 -9999 -9999 -9999 -9999 -9999 -9999 -9999 -9999 -9999 -9999 -9999 -9999 -9999 -9999
-9999 -9999 -9999 -9999 -9999 -9999 -9999 -9999 -9999 -9999 -9999 -9999 -9999 -9999 -9999 -9999 -9999 -9999 -9999 -9999 -9999 -9999 -9999 -9999 -9999 -9999 -9999 -9999 -9999 -9999 -9999 -9999 -9999 -9999 13 -9999 11 23 22 17 -9999 -9999 -9999 -9999 -9999 -9999 -9999 -9999 19 29 31 43 21 -9999 -9999 -9999 -9999 -9999 -9999 -9999 -9999 -9999 -9999 -9999 -9999 -9999 -9999 -9999 -9999 -9999 -9999 -9999 -9999 -9999 -9999 -9999 -9999
-9999 -9999 -9999 -9999 -9999 -9999 -9999 -9999 -9999 -9999 -9999 -9999 0 1 1 -9999 -9999 -9999 -9999 -9999 -9999 -9999 20 40 27 -9999 -9999 -9999 -9999 -9999 -9999 -9999 15 40 33 26 20 22 19 8 -9999 -9999 -9999 -9999 -9999 -9999 -9999 11 20 34 41 42 18 -9999 -9999 -9999 -9999 -9999 -9999 -9999 -9999 -9999 -9999 -9999 -9999 -9999 -9999 -9999 -9999 -9999 -9999 -9999 -9999 -9999 -9999 -9999 -9999
-9999 -9999 -9999 -9999 -9999 -9999 -9999 -9999 -9999 -9999 -9999 0 0 0 0 0 -9999 -9999 -9999 -9999 -9999 23 1 0 0 0 19 39 -9999 -9999 -9999 16 40 46 43 34 18 -9999 -9999 -9999 -9999 -9999 -9999 -9999 -9999 -9999 -9999 -9999 12 27 41 50 54 33 -9999 -9999 -9999 -9999 -9999 -9999 -9999 -9999 -9999 -9999 -9999 -9999 -9999 -9999 -9999 -9999 -9999 -9999 -9999 -9999 -9999 -9999 -9999
-9999 -9999 -9999 -9999 -9999 -9999 -9999 -9999 -9999 -9999 -9999 -9999 0 0 0 0 -9999 -9999 -9999 31 0 2 8 8 6 8 63 65 31 10 23 26 28 13 24 18 -9999 -9999 -9999 -9999 -9999 -9999 -9999 -9999 -9999 -9999 -9999 -9999 12 25 34 45 49 43 27 20 -9999 -9999 -9999 -9999 -9999 -9999 -9999 -9999 -9999 -9999 -9999 -9999 -9999 -9999 -9999 -9999 -9999 -9999 -9999 -9999 -9999
32 12 11 17 -9999 -9999 -9999 -9999 -9999 -9999 -9999 -9999 0 0 0 0 0 0 0 1 3 17 41 50 46 44 35 19 5 1 9 9 9 -9999 -9999 -9999 23 43 41 4 33 17 -9999 -9999 -9999 -9999 -9999 -9999 11 21 33 41 45 41 24 17 22 -9999 -9999 -9999 -9999 -9999 -9999 -9999 -9999 -9999 -9999 -9999 -9999 -9999 -9999 -9999 -9999 -9999 -9999 -9999 -9999
35 22 17 15 8 -9999 -9999 -9999 -9999 -9999 -9999 -9999 -9999 -9999 0 0 1 0 0 0 14 45 72 84 87 86 76 49 17 3 0 -9999 -9999 -9999 -9999 -9999 34 11 29 29 21 8 1 1 -9999 -9999 -9999 -9999 10 18 29 36 46 44 29 26 40 14 -9999 -9999 -9999 -9999 -9999 -9999 -9999 -9999 -9999 -9999 -9999 -9999 -9999 -9999 -9999 -9999 -9999 -9999 -9999
21 11 -9999 -9999 -9999 -9999 -9999 -9999 -9999 -9999 -9999 -9999 -9999 -9999 -9999 0 1 0 0 2 27 65 81 93 99 97 88 61 23 4 -9999 -9999 -9999 -9999 -9999 -9999 26 27 72 81 72 51 27 10 2 -9999 -9999 -9999 -9999 18 34 40 44 48 33 18 27 -9999 -9999 -9999 -9999 -9999 -9999 -9999 -9999 -9999 -9999 -9999 -9999 -9999 -9999 -9999 -9999 -9999 -9999 -9999 -9999
21 16 23 21 -9999 -9999 -9999 -9999 -9999 -9999 -9999 -9999 1 1 0 0 1 0 0 4 40 77 88 100 104 97 94 76 35 10 1 0 26 1 1 1 28 45 91 104 93 76 57 38 18 2 0 -9999 -9999 -9999 20 41 43 44 38 11 -9999 -9999 -9999 -9999 -9999 -9999 -9999 -9999 -9999 -9999 -9999 -9999 -9999 -9999 -9999 -9999 -9999 -9999 -9999 -9999 -9999
22 24 30 15 -9999 -9999 -9999 -9999 -9999 -9999 -9999 -9999 1 1 0 1 1 0 0 22 60 83 94 106 104 91 82 66 42 23 15 12 18 27 30 44 129 87 115 113 102 90 77 63 36 9 1 -9999 -9999 -9999 -9999 18 35 40 34 20 5 -9999 -9999 -9999 -9999 -9999 -9999 -9999 -9999 -9999 -9999 -9999 -9999 -9999 -9999 -9999 -9999 -9999 -9999 -9999 -9999
17 -9999 12 -9999 -9999 -9999 -9999 -9999 -9999 -9999 -9999 -9999 -9999 1 0 1 0 0 4 50 77 81 95 111 105 88 70 54 42 35 28 44 62 76 84 95 108 117 127 122 116 106 95 86 61 25 6 -9999 -9999 -9999 -9999 -9999 19 34 28 19 14 13 -9999 -9999 -9999 -9999 -9999 -9999 -9999 -9999 -9999 -9999 -9999 -9999 -9999 -9999 -9999 -9999 -9999 -9999 -9999
-9999 -9999 -9999 -9999 -9999 -9999 -9999 -9999 -9999 -9999 -9999 -9999 -9999 -9999 0 0 0 3 30 64 73 80 97 110 106 89 70 49 50 51 50 76 95 96 96 102 105 92 89 97 111 118 117 108 87 55 27 20 -9999 -9999 -9999 -9999 -9999 20 23 12 7 9 11 -9999 -9999 -9999 -9999 -9999 -9999 -9999 -9999 -9999 -9999 -9999 -9999 -9999 -9999 -9999 -9999 -9999 -9999
-9999 -9999 -9999 -9999 -9999 -9999 -9999 -9999 -9999 -9999 -9999 -9999 -9999 -9999 0 0 1 8 44 58 66 83 103 108 102 86 70 53 47 56 74 97 108 107 96 86 77 70 76 86 101 126 139 136 118 92 64 27 22 -9999 -9999 -9999 -9999 -9999 11 14 10 -9999 -9999 -9999 -9999 -9999 -9999 -9999 -9999 -9999 -9999 -9999 -9999 -9999 -9999 -9999 -9999 -9999 -9999 -9999 -9999
-9999 -9999 -9999 -9999 -9999 -9999 -9999 -9999 -9999 -9999 -9999 -9999 -9999 -9999 -9999 1 0 1 29 47 63 85 106 106 96 84 70 56 48 52 70 94 109 116 121 118 113 107 105 103 108 126 138 140 135 127 101 61 24 39 -9999 -9999 -9999 -9999 -9999 8 9 -9999 -9999 -9999 -9999 -9999 -9999 -9999 -9999 -9999 -9999 -9999 -9999 -9999 -9999 -9999 -9999 -9999 -9999 -9999 -9999
-9999 -9999 -9999 -9999 -9999 -9999 -9999 -9999 -9999 -9999 -9999 -9999 -9999 -9999 -9999 -9999 9 46 27 43 63 86 104 107 105 87 70 62 64 68 85 102 119 134 146 148 146 144 137 131 119 126 136 140 142 143 133 103 68 40 18 45 -9999 -9999 -9999 -9999 -9999 -9999 -9999 24 30 15 -9999 -9999 -9999 -9999 -9999 -9999 -9999 -9999 -9999 -9999 -9999 -9999 -9999 -9999 -9999
-9999 -9999 -9999 -9999 -9999 -9999 -9999 25 23 38 35 35 58 0 -9999 -9999 10 2 9 19 57 88 108 113 112 87 76 81 90 90 93 102 121 140 155 162 166 161 157 152 138 134 141 145 148 148 149 141 116 90 61 23 9 -9999 -9999 -9999 -9999 7 14 26 41 39 14 -9999 -9999 -9999 -9999 -9999 -9999 -9999 -9999 -9999 -9999 -9999 -9999 -9999 -9999
-9999 -9999 -9999 -9999 12 20 34 36 3 6 6 11 16 7 16 -9999 14 0 3 16 55 86 109 117 110 91 92 101 105 105 107 114 125 138 152 165 171 165 158 153 146 144 149 153 156 156 156 157 152 125 102 76 40 21 22 10 1 11 33 38 40 25 22 -9999 -9999 -9999 -9999 -9999 -9999 -9999 -9999 -9999 -9999 -9999 -9999 -9999 -9999
-9999 -9999 -9999 -9999 -9999 15 34 6 24 41 44 38 30 16 4 10 -9999 8 9 30 59 85 112 125 121 112 110 115 118 119 125 132 132 136 145 161 167 165 161 154 149 150 158 163 164 165 166 167 168 163 144 125 99 79 69 49 37 34 33 33 13 1 27 -9999 -9999 -9999 -9999 -9999 -9999 -9999 -9999 -9999 -9999 -9999 -9999 -9999 -9999
-9999 -9999 -9999 -9999 -9999 -9999 1 4 26 59 70 59 42 21 7 16 10 22 16 39 63 88 109 121 126 126 125 125 127 128 131 137 143 140 143 156 163 164 162 154 153 157 164 171 174 173 172 173 173 176 174 162 144 127 108 89 77 65 52 50 35 9 1 48 -9999 -9999 -9999 -9999 -9999 -9999 -9999 -9999 -9999 -9999 -9999 -9999 -9999
-9999 -9999 -9999 -9999 -9999 -9999 27 2 20 57 74 66 49 22 22 7 -9999 7 19 39 55 73 86 94 102 121 135 136 135 134 131 128 131 134 135 146 157 159 159 157 157 159 165 174 179 178 178 177 178 179 182 180 162 140 109 85 68 55 49 46 31 9 1 40 -9999 -9999 -9999 -9999 -9999 -9999 -9999 -9999 -9999 -9999 -9999 -9999 -9999
-9999 -9999 -9999 -9999 -9999 -9999 23 8 34 63 71 66 53 24 27 -9999 -9999 4 11 24 39 54 61 61 72 104 126 130 133 135 133 124 119 122 124 130 140 149 156 159 158 159 164 173 179 181 182 182 180 179 177 173 168 148 102 61 32 22 25 25 15 2 1 -9999 -9999 -9999 -9999 -9999 -9999 -9999 -9999 -9999 -9999 -9999 -9999 -9999 -9999
-9999 -9999 -9999 -9999 -9999 1 6 28 48 61 67 60 45 25 11 20 16 -9999 9 4 22 27 22 40 64 92 112 121 128 135 138 133 120 112 113 117 122 126 139 153 155 156 162 172 180 186 188 185 181 177 174 169 165 148 99 43 15 3 5 6 4 1 -9999 -9999 -9999 -9999 -9999 -9999 -9999 -9999 -9999 -9999 -9999 -9999 -9999 -9999 -9999
-9999 -9999 12 12 22 1 12 28 42 57 64 52 36 29 24 10 18 -9999 -9999 18 19 20 9 49 80 93 101 110 119 130 140 145 132 111 105 107 106 98 108 133 157 161 160 174 188 193 191 186 180 176 170 162 154 140 90 29 29 0 0 0 -9999 -9999 -9999 -9999 -9999 -9999 -9999 -9999 -9999 -9999 -9999 -9999 -9999 -9999 26 0 1
-9999 -9999 21 32 41 2 12 22 41 57 62 51 40 38 36 15 9 -9999 -9999 26 13 30 39 67 87 85 89 96 108 114 118 116 105 94 94 98 90 71 75 104 130 141 149 175 198 205 197 185 180 175 167 155 140 122 74 19 -9999 -9999 -9999 -9999 -9999 -9999 -9999 -9999 -9999 -9999 -9999 -9999 -9999 -9999 -9999 -9999 21 1 6 11 11
-9999 -9999 15 18 24 1 8 38 53 60 67 52 39 37 36 11 16 29 14 10 11 35 50 59 68 66 69 76 85 96 98 89 79 80 96 103 86 58 58 77 96 113 122 152 181 203 204 192 183 177 165 148 129 105 76 27 12 -9999 -9999 -9999 -9999 -9999 -9999 -9999 -9999 -9999 -9999 -9999 -9999 -9999 -9999 -9999 3 16 28 31 27
-9999 -9999 -9999 -9999 15 29 4 23 52 56 55 43 32 35 35 55 59 46 23 20 8 34 49 56 54 56 60 61 64 82 93 92 88 69 78 112 90 58 54 58 61 81 104 119 145 171 189 197 192 185 169 148 123 97 79 47 15 -9999 -9999 -9999 -9999 -9999 -9999 -9999 -9999 -9999 -9999 24 -9999 -9999 24 3 14 34 47 54 49
-9999 -9999 -9999 -9999 -9999 21 27 6 19 22 18 19 15 91 45 61 54 24 11 19 2 10 43 68 66 58 58 60 68 83 100 106 110 94 63 83 80 57 55 56 61 79 117 118 114 132 159 178 191 194 174 153 126 97 72 58 26 39 -9999 -9999 -9999 -9999 -9999 -9999 -9999 -9999 8 33 46 21 23 21 38 50 59 70 68
-9999 -9999 -9999 -9999 -9999 -9999 -9999 14 2 19 46 73 4 65 21 22 31 11 11 11 1 4 47 90 85 70 65 65 72 91 113 125 125 88 41 31 46 49 60 64 68 78 109 134 127 115 126 145 169 196 189 160 131 103 75 77 62 16 26 -9999 -9999 -9999 -9999 -9999 -9999 -9999 13 33 26 62 73 62 63 71 74 81 61
-9999 -9999 -9999 -9999 -9999 -9999 -9999 -9999 -9999 10 29 16 6 14 10 9 8 -9999 -9999 11 8 21 52 90 88 74 71 72 79 95 121 127 97 44 11 10 21 42 70 87 89 86 92 120 146 130 110 112 141 174 194 174 147 127 110 107 79 40 23 9 27 -9999 -9999 -9999 -9999 -9999 2 25 56 92 96 79 81 84 86 85 61
-9999 -9999 -9999 -9999 -9999 -9999 -9999 -9999 -9999 -9999 -9999 -9999 12 30 27 17 7 4 2 16 35 50 59 71 84 82 81 77 79 98 121 111 62 16 0 128 12 44 79 105 102 90 93 114 144 152 130 114 123 151 175 180 160 143 118 92 67 56 56 34 11 3 -9999 -9999 -9999 -9999 12 53 87 99 98 97 98 92 79 75 65
-9999 -9999 -9999 -9999 -9999 -9999 -9999 -9999 -9999 1 1 7 22 37 32 24 31 39 47 59 72 82 86 87 95 98 96 89 89 104 114 97 63 36 17 6 10 41 82 113 113 93 88 109 139 148 147 135 122 130 155 170 164 144 112 76 60 73 84 61 39 21 5 0 -9999 17 43 94 102 101 103 106 103 91 73 67 50
-9999 -9999 -9999 -9999 -9999 -9999 -9999 0 1 2 6 15 31 33 25 42 65 76 84 110 114 116 129 133 123 116 117 111 113 118 115 102 91 81 57 17 7 41 86 111 107 84 69 84 119 130 136 130 111 115 137 157 161 147 123 94 74 82 96 96 78 60 41 25 30 52 84 110 113 109 99 103 103 95 82 70 37
-9999 -9999 -9999 -9999 -9999 8 0 4 7 8 13 21 37 35 40 63 78 88 106 149 171 182 202 190 148 134 141 142 145 143 130 122 114 106 90 46 27 57 91 104 92 65 35 39 72 102 111 106 104 118 136 145 145 142 131 111 92 94 111 119 109 97 88 87 105 129 142 129 121 113 102 99 100 92 82 53 19
-9999 -9999 -9999 -9999 -9999 1 1 11 17 14 18 27 41 41 57 71 80 101 136 188 206 229 240 212 170 160 168 167 162 155 153 153 145 133 120 92 74 88 106 109 89 51 17 5 20 56 83 95 115 135 144 143 137 145 146 130 112 114 131 139 135 137 148 159 168 175 166 147 132 121 111 108 99 87 60 25 6
