data/100m/lokaldtm100.asc
ncols         480
nrows         500
xllcorner     57000
yllcorner     6698000
cellsize      100
NODATA_value  -9999
[rows 160 to 191 of 500, columns 355 to 425 of 480]
1360,68 1348 1336,56 1329,92 1325,6 1323,52 1323 1323 1323 1323 1323 1323 1323 1323 1323 1323 1323,96 1333,24 1359,84 1374,24 1385,72 1382,68 1360,92 1346,32 1337,88 1321,88 1316,64 1329,6 1358,8 1372,36 1392,4 1413,2 1425,16 1450,32 1473,28 1493 1499,56 1515,32 1521,04 1517,68 1508,32 1501,64 1491 1481,96 1479,88 1478,04 1476,96 1482,6 1481,6 1482 1468,52 1449,72 1439,48 1432,6 1425,16 1418,8 1405,6 1385 1367,28 1367 1368,68 1373,48 1375,4 1379,16 1400,8 1397,96 1414,76 1418,52 1419,64 1420,44 1443,92
1375,04 1356,52 1342,48 1336,68 1332,48 1330,36 1327,24 1323,2 1323 1323 1323 1323 1323 1323 1323 1323 1323 1323,8 1345,92 1375,44 1393,2 1386 1359,2 1337,04 1320,96 1308,44 1308,48 1322,2 1358,32 1376,44 1399,52 1419,2 1432,16 1447,68 1477,28 1492,44 1504,12 1517,84 1523,08 1522,04 1520,52 1511,48 1500,36 1495,44 1495,88 1485,04 1482,08 1497,16 1499,2 1496,72 1474,64 1450,04 1437,2 1432,4 1426,64 1417,92 1407,72 1393,08 1374 1368,24 1369,24 1370,92 1371,72 1375,08 1378,16 1382,56 1395,4 1402,08 1416,72 1420 1424,32
1381,24 1370,4 1360,8 1358,56 1349,16 1347,32 1343,96 1334,4 1324,44 1323 1323,48 1324,32 1324,16 1323,12 1323 1323 1323 1323 1330,64 1364,96 1389,04 1387,04 1363,28 1328,16 1301,08 1298,04 1299,4 1309,32 1350,8 1387,72 1406,48 1417,8 1426,8 1443,08 1462,44 1479,04 1502,48 1517,12 1525,52 1524,52 1520,6 1511,92 1504 1500 1502,4 1485,64 1482,36 1491,24 1495,24 1486,64 1470,08 1448,4 1436,36 1435,88 1436,44 1428,12 1425,76 1415 1397,24 1387,44 1382,48 1374,52 1373,56 1375,56 1379,64 1389,6 1399,52 1407,52 1416,08 1419,36 1420,16
1378,64 1383,64 1387,64 1391,24 1384,44 1377 1364,84 1360,64 1349,2 1334,92 1335,52 1331,12 1326 1323,08 1323 1323 1323 1323,16 1328,68 1339,8 1364,24 1367,24 1340,8 1312,84 1298,12 1298 1298,04 1306,16 1342,04 1370,52 1387,76 1400,08 1416,04 1439,36 1442,4 1456,52 1487,8 1515,76 1523,8 1520,12 1510,76 1501,52 1500,68 1498,96 1495,56 1474,8 1477,4 1479,48 1483,76 1482 1456,96 1437,6 1428,04 1436,2 1440,64 1438,52 1439,36 1435,72 1426,96 1418,52 1404,8 1387,68 1376,64 1374 1376,76 1392,2 1404,68 1413 1416,04 1414,4 1419,36
1377,6 1391,8 1414,56 1421,8 1419,2 1413,6 1392,92 1375,44 1371,96 1370,52 1361,72 1345,56 1330,84 1323 1323 1323 1323 1323,04 1326 1331,44 1343,76 1345,04 1321,4 1305,24 1298,84 1298,36 1298,92 1304,2 1322,44 1336,04 1351,24 1387,8 1411,28 1429,28 1439,64 1458,36 1490,04 1513,64 1514,8 1507,04 1495,32 1485,04 1485,32 1487,24 1476,92 1458,04 1462,48 1458,48 1458,16 1460,96 1440,16 1421,6 1417,24 1421,68 1427,72 1435,4 1439,96 1441,28 1452,72 1435,12 1412,56 1388,8 1372,84 1367,72 1369,96 1382,4 1400,2 1403,32 1401,84 1409,4 1426,4
1379,76 1392,2 1420,2 1443,64 1441,72 1440,4 1427,48 1414,16 1402,16 1392,84 1384,44 1363,4 1343,28 1324,88 1323 1323,36 1323,24 1322,68 1323,32 1324,76 1329,52 1331,04 1319,88 1308,68 1301,88 1300,24 1300 1301 1306,32 1309,2 1326,56 1371,88 1393,96 1416,28 1436,24 1468,6 1491,8 1503,08 1501,08 1492,92 1478,08 1467,2 1469,32 1462,56 1439,72 1440,52 1452,48 1450,76 1442,92 1437,16 1425,48 1413,56 1408,92 1409,6 1413,44 1423,56 1434,2 1446,68 1448,8 1418,88 1379,4 1361,72 1351,6 1347,08 1357,76 1372,2 1387,2 1395,08 1398,76 1409,52 1433,56
1398,52 1405,32 1416,88 1436,16 1462,56 1471,24 1469 1448,84 1424,84 1410,32 1406,88 1391,32 1369,08 1343,28 1334,12 1332,2 1329,72 1326,88 1323,32 1322 1322,28 1323,32 1321,44 1310,2 1301,48 1299,68 1299,56 1295,16 1291,44 1295,72 1317,84 1360,76 1388,48 1406,84 1425,08 1460,36 1485,28 1496,72 1495,68 1484,64 1473,84 1461,4 1460 1451,72 1435,16 1435,04 1448,36 1447,96 1439,64 1429,64 1422,12 1410,04 1401,2 1401,48 1402,36 1410,88 1411 1427,2 1395,64 1350,88 1320,48 1312,16 1316,88 1330,28 1351,4 1368,68 1380,24 1388,4 1395,28 1406 1426,44
1419,16 1425,24 1428,36 1445,96 1466,36 1471,72 1479,32 1460,2 1438,68 1428,92 1429,88 1418,44 1393,8 1369,76 1359,16 1351,08 1343,84 1336,28 1326,16 1322 1322 1321,52 1317,32 1304,92 1296,56 1291,24 1287,8 1280,64 1279,24 1291,2 1318,52 1351,04 1372,04 1397,96 1416,84 1447,56 1475,88 1492,52 1492 1482,76 1474,16 1463,92 1459,48 1445,16 1435 1435,4 1445,16 1440,72 1428,56 1419,84 1415,92 1407 1400,32 1400 1400 1400 1400,44 1402,6 1368,88 1325,04 1300,28 1295,36 1299,52 1315,48 1341,32 1367,04 1382 1391 1396,88 1400,16 1408,52
1430,36 1446,48 1466,52 1467,04 1460,64 1461,76 1464,12 1460,92 1449,28 1440,76 1446,52 1442,16 1421,68 1404,16 1392,08 1373,32 1364,92 1350,2 1336,64 1326,72 1324,04 1319,84 1306,76 1295,8 1287,64 1280,56 1278,64 1275,96 1277,16 1286,96 1311,68 1328,92 1357,44 1387,6 1403,12 1431,16 1461,52 1481,48 1481,96 1479,08 1477,08 1469,44 1458,44 1444,32 1435 1435,32 1439,68 1427,48 1419,8 1417,4 1413,2 1405,96 1400,44 1400 1400 1400,12 1406,12 1401,88 1376,8 1326,16 1296,24 1291,04 1291,68 1303,4 1331 1363,96 1384,52 1396,52 1399,84 1390,84 1380,64
1439,16 1456,08 1472,64 1466 1460,48 1458,6 1449,4 1441 1439,36 1433,28 1448,2 1450,8 1439,84 1430,84 1416,28 1395,44 1381,76 1366,2 1349,48 1340,04 1333,8 1321,68 1306,24 1294,8 1285 1279,24 1278,36 1273,84 1273,8 1279,68 1292,88 1308,32 1344,56 1373,48 1391,08 1424,64 1451,84 1470,04 1476,44 1478,96 1482,6 1475,6 1466,6 1459,2 1442,4 1435,72 1434,44 1421 1420 1418,92 1416 1410,04 1401,12 1400 1400 1401,84 1422,08 1417,12 1394,84 1353,52 1310,32 1292,88 1291,08 1299,56 1333,6 1363,36 1384,52 1397,68 1391,56 1360,16 1340,16
1438,56 1430,4 1431,28 1450 1466,76 1456,32 1445,36 1433,04 1425,16 1425,56 1438,52 1440,52 1440,72 1439,68 1428,88 1414,12 1405,36 1382,84 1360,44 1347,08 1341,28 1326,28 1311,76 1298,44 1284,08 1277,56 1274,72 1269,44 1266,16 1271,52 1283,16 1299,92 1332,88 1355,64 1382,28 1417,08 1437,28 1463,24 1485,36 1494,52 1492,12 1480,48 1480,04 1480,04 1468,6 1447,08 1439,04 1428,92 1420,96 1419,96 1419,52 1419,12 1405,64 1400 1400 1409,08 1428,88 1426,88 1410,92 1382,96 1346,16 1303,84 1291,4 1298,32 1330,84 1353,32 1369,44 1387,32 1374,08 1326,72 1292,08
1412,2 1403,88 1410,72 1458,88 1481,88 1457,52 1440,52 1431,2 1425,2 1424,8 1427,56 1430,56 1433,52 1440,92 1440,32 1428,72 1419,96 1403,4 1384,16 1361,92 1353,92 1337,44 1318,76 1301,16 1283,12 1276,44 1272,24 1266,2 1264 1264,64 1274,44 1292,52 1320,8 1344,56 1381,56 1408,56 1437,24 1472,84 1493,12 1498,32 1489,88 1479,52 1478,44 1479,2 1479,6 1462,88 1446,28 1439,2 1428,36 1422,52 1420,08 1415,16 1403,4 1400 1400 1407 1430,4 1439,88 1436,28 1415,8 1382,64 1325,72 1289,68 1290,08 1306,84 1323,24 1333,64 1349,44 1322,72 1283,68 1261
1397,52 1388,84 1397,92 1450,72 1480,6 1468,4 1445,76 1431,96 1425,04 1422,6 1422 1422,08 1422,24 1422,08 1411,08 1409,92 1405,44 1402,68 1398,64 1385,68 1368,36 1339,28 1305,8 1290 1280,48 1276,56 1272,28 1266,36 1264 1264,64 1274,56 1290,92 1308,8 1334,24 1368,12 1402,24 1437,68 1472,88 1486,52 1496,92 1497,2 1488,76 1477,96 1473,04 1478,52 1478,52 1458,16 1442,04 1430,68 1422,24 1419,28 1411,52 1401,92 1400,08 1400 1408,44 1432,04 1443,8 1443,88 1433,24 1401,28 1339,2 1289,12 1278,52 1280,72 1287 1303,12 1302,48 1281,12 1262,04 1243,8
1378,52 1379,12 1394,52 1453,16 1480,92 1472,88 1457,44 1435,28 1424,8 1422,04 1422,04 1422,28 1420,56 1407,92 1396 1392 1387,48 1380,08 1368,56 1373,4 1366,44 1334,6 1297,16 1280,88 1279,12 1278,64 1275,6 1269,08 1264,52 1266,32 1279 1293,72 1308,08 1344,92 1388,96 1406,56 1431,4 1464,8 1487,44 1499,64 1502,08 1495,56 1478 1462,96 1462 1468,56 1460,8 1443,44 1431,04 1420,4 1420,96 1408,56 1401,44 1400,08 1400 1409,6 1436,4 1443,92 1439,2 1438,48 1409,32 1350,32 1295,96 1276,24 1273,32 1278,04 1288,56 1275,76 1260,32 1245,4 1237,56
1372,96 1374,28 1392,32 1447,28 1476,88 1476,2 1457,56 1438,44 1424,84 1422,36 1425,76 1425,08 1419,8 1405,12 1394,52 1384,64 1370,04 1357,28 1347 1343,52 1337,56 1314,28 1285,72 1276,92 1279,6 1280,44 1278,2 1271,36 1266,92 1271,24 1285,6 1307,24 1321,6 1360,16 1385,2 1405,88 1430,16 1457,56 1491,68 1501,8 1507,24 1499,72 1484,48 1467,84 1459,52 1456,96 1447,08 1435,12 1420,64 1416,6 1411,36 1400,76 1400 1400 1401,8 1419,32 1438,36 1430,4 1421,96 1426,04 1404,68 1364,2 1319,4 1283,96 1272,68 1268,08 1263,8 1256,56 1244,76 1238,52 1237
1368,36 1372,28 1396,68 1456,04 1472,32 1469,2 1450,16 1437 1432,68 1439,2 1443,6 1435,24 1421,52 1414,96 1402,08 1381,2 1361,36 1351,92 1338,84 1320,4 1308,48 1294 1272,72 1262,4 1271,52 1276 1272,88 1269,68 1270,96 1279,52 1301,16 1324,12 1337,6 1359,88 1375,92 1408,04 1430,36 1460,44 1489,8 1505,76 1516,4 1505,8 1491,64 1475,24 1464 1455,92 1443,84 1432,08 1419,4 1418,64 1413,4 1404,36 1400,12 1400 1407,2 1422,16 1421,96 1418,04 1418,84 1418,2 1397,2 1367,44 1329,52 1286,12 1269,04 1257,6 1246,28 1239,76 1237,08 1237 1237,32
1365,68 1367,88 1420,24 1478,52 1472,4 1463,12 1446,6 1441,76 1449,6 1463,56 1462,92 1451,64 1439,48 1429,44 1406,56 1385,68 1373,96 1356,24 1332,04 1309,2 1291,72 1280,12 1263 1252,48 1257,92 1261,28 1263 1266,16 1273,12 1287,12 1307,32 1323,68 1340,56 1353,12 1373,24 1408,48 1432,2 1459 1475,16 1500,56 1507,76 1500,72 1487,8 1474,12 1465,16 1461,08 1447,36 1434,2 1423,08 1421,88 1420,08 1409,8 1401,16 1417,68 1428,56 1431,16 1422,64 1423,12 1421,96 1420,08 1403 1376,56 1339,44 1283,8 1260,4 1247,96 1238,2 1237 1237 1237,52 1239,56
1358,92 1370,72 1441,24 1487,28 1479 1465,56 1459,08 1458,56 1460,12 1469,16 1472,72 1472,24 1459,84 1443,8 1425,28 1401,76 1385,2 1360,36 1336,48 1307,4 1285,24 1267,64 1251,12 1245,12 1252,96 1259,68 1260,44 1264,64 1275,76 1285,28 1301,8 1320,44 1333,16 1346,6 1377,56 1409,08 1429,8 1446,32 1464,4 1487,28 1499,56 1498,56 1487,8 1474,28 1461,12 1448,36 1439,84 1440,04 1431,68 1422,12 1412,44 1402,24 1411,92 1438,48 1440,36 1439,68 1437,24 1439,16 1439,48 1438,6 1425,76 1392,44 1340,2 1269 1242,52 1237,52 1237 1237 1237 1237,92 1247,28
1355 1374,6 1453,84 1489,12 1484,6 1475,56 1464,72 1460,88 1469,12 1480,36 1479,64 1480,28 1464,44 1455,92 1442,44 1415,64 1384,72 1362,44 1335,08 1309,4 1284,12 1260,44 1246,32 1245 1248,88 1256,48 1260,52 1260,76 1264,12 1276,32 1293,72 1301,28 1305,8 1315,92 1362,32 1394,36 1411,04 1433,72 1456,84 1485,36 1497,08 1497,92 1485,08 1470,16 1455,96 1443,96 1440,4 1441,24 1427,2 1410,32 1402,92 1410,72 1425,8 1430,04 1432,52 1441,32 1444,36 1453,32 1458,28 1452,12 1434,28 1390,56 1320,76 1251,12 1237,04 1237 1237 1237 1237 1237,28 1248,48
1351,36 1375,88 1430,56 1449,96 1453,64 1440,84 1439,2 1427,28 1451,44 1469,08 1478,76 1488,84 1470,88 1463,24 1454,92 1429,84 1392,84 1356,56 1330,56 1304,68 1283,16 1259,76 1246,52 1245 1246 1252,52 1257,12 1256,16 1257,52 1263,32 1271,16 1268,2 1270,4 1285,32 1331,52 1361 1389,2 1417,24 1441,68 1476,44 1488,36 1492,64 1485,84 1474,92 1461,32 1450,56 1440,68 1435,2 1414,96 1400,16 1415,28 1420 1423,8 1420,88 1421,56 1432,96 1441,84 1452,8 1463,88 1461,92 1426,88 1360,64 1289,8 1244,84 1237 1237 1237 1237 1237 1237,28 1242,16
1334,96 1365,4 1368 1375,56 1371,16 1359,96 1351,48 1368,36 1380,36 1407,88 1464,52 1472,72 1449,48 1437,76 1452,24 1438,76 1396 1354,88 1329,24 1302,16 1289,12 1268,52 1253,52 1246,2 1241 1239,92 1240,88 1244,72 1248,24 1251,92 1249,08 1239 1242,96 1260,72 1312,84 1352,56 1380,88 1403,6 1441,48 1468,92 1476,6 1480,2 1479,44 1471,76 1465 1451,44 1433,84 1420,28 1399,8 1394,6 1408,28 1412,96 1421,32 1412,68 1414,72 1418,96 1433,16 1452,72 1465,6 1459,64 1418,4 1361,44 1305,28 1251,72 1239,4 1237,56 1237,88 1237 1237,44 1239,56 1242,6
1312,64 1326,88 1314,24 1306,28 1296,24 1285,32 1280,72 1299,76 1317,48 1330,2 1357,96 1376,68 1386,68 1365,84 1410,12 1414,84 1382,44 1346,36 1326,92 1309 1299,68 1285,08 1267,48 1252,16 1239,64 1236,48 1236,72 1239,36 1240,96 1241,6 1229,84 1216,88 1225,72 1242,44 1288,76 1345,04 1373,48 1398 1442,52 1463,08 1464,04 1463,68 1461,28 1459,44 1455,88 1450,04 1424,04 1404,32 1381,08 1381,28 1390,6 1396,48 1405,08 1400,92 1403,96 1406,72 1424,68 1442,2 1452 1438,36 1403 1361,6 1329,04 1270,44 1251,44 1244,28 1242,2 1237,64 1237,96 1240,16 1240,16
1274,36 1281,2 1263,64 1246,64 1243,88 1228,6 1234,12 1240,8 1254,24 1277,2 1275,44 1271,16 1297,08 1294,44 1312,48 1329,64 1336,36 1330,68 1319,04 1307,36 1302,4 1297,36 1283,96 1266,28 1244,04 1235,2 1232,16 1232,04 1230,44 1229,16 1212,52 1205,64 1214,8 1232,2 1274,36 1334,88 1376,36 1409,6 1448,44 1461,44 1459,92 1458,08 1452,64 1441,64 1432,48 1433,72 1412,2 1381,48 1366,76 1378,28 1378,68 1371 1373,2 1377,2 1380,4 1393,76 1412,44 1428,28 1435,4 1421,96 1390,8 1352,48 1318,92 1281,56 1261,4 1253,8 1245,64 1238 1239,8 1240 1240
1230,68 1245,88 1227,4 1216,96 1211,04 1204,24 1204,36 1202,84 1218,76 1239 1234,6 1227,72 1234,04 1238,16 1247,32 1247,08 1274,92 1301,08 1290,84 1279,92 1280,04 1282,92 1280,84 1274,52 1252,96 1238,36 1228,24 1221,96 1219,64 1214,8 1198,16 1196,64 1205,2 1224,04 1254,08 1304,56 1374,76 1416,08 1453,6 1465 1463,08 1461,92 1453 1431,04 1414,88 1413,28 1394,88 1364 1356,36 1359,2 1357,96 1357,6 1359,04 1356,36 1359,32 1385,64 1399,48 1413,12 1424,76 1399,96 1370 1340,48 1314 1288,44 1271,6 1263,88 1254,08 1241,6 1240 1240 1240,04
1206,32 1213,76 1200,88 1203,44 1196,92 1194,6 1187,52 1194,04 1206,88 1214,8 1212,32 1203,52 1204,4 1208,36 1218,76 1222,24 1245,28 1263 1248,72 1243,16 1242,48 1252,72 1263,04 1276,2 1260,56 1246,64 1228,56 1218,32 1209,24 1196,56 1190,16 1191,92 1201,24 1217,88 1242,92 1291,6 1370,88 1421,12 1455,84 1470,84 1477,6 1474,28 1457,16 1425,52 1398,8 1391,04 1378,96 1358,76 1356 1356,8 1359,64 1358,28 1357,28 1355,16 1358,12 1377,12 1390,44 1402,6 1411,84 1361,84 1347,32 1339,52 1315,56 1292,28 1278,24 1268,84 1255,44 1241,24 1239,6 1239,92 1239,44
1191,64 1198,72 1189,68 1187,52 1184,44 1178,52 1176 1187,96 1198,84 1193,12 1188,56 1186,96 1189,4 1195,96 1204,08 1212,76 1224,56 1221,88 1213,56 1214,52 1221,8 1231,48 1241,32 1254,04 1261,28 1250,76 1226,72 1212,48 1201,04 1192,24 1190 1190,04 1194,4 1208,76 1229,04 1265,68 1337,56 1393,2 1442,68 1473,76 1482 1475,12 1459 1423,52 1396,48 1383,52 1378,76 1363,76 1359,8 1364,84 1373,48 1369,32 1364,24 1353,56 1352,8 1367,12 1377,48 1392,12 1385,2 1341,4 1339,12 1334,72 1315,68 1302,92 1291,04 1277,48 1253,12 1237,2 1237,64 1237,84 1235,76
1177,6 1181,44 1178,92 1175,56 1174,76 1174 1176,68 1184,28 1188,48 1186,4 1186 1186 1186 1190,28 1201 1204,64 1203,48 1194,16 1193,6 1198,32 1209,48 1213,28 1209,6 1223,36 1246,88 1244,72 1222,56 1207,8 1195,76 1190 1190 1190 1191,64 1199,56 1214,36 1246,84 1307 1363,76 1418,92 1476,52 1477,36 1464,52 1452,48 1426,52 1397,88 1383,92 1380,16 1384,12 1384,2 1392,88 1396,96 1393,92 1375,92 1347,04 1337,08 1347,92 1355,6 1368,88 1363,64 1336,88 1338,04 1333,36 1322,76 1321,6 1304,64 1279,44 1247,72 1236,84 1236,68 1237,52 1236
1166,84 1174,16 1176 1176,2 1176,6 1176,12 1179,92 1184,76 1186 1186 1186,04 1186,16 1186,16 1191,2 1199,6 1196,64 1191,92 1190 1190 1190,6 1196,16 1196,48 1191,6 1203,76 1225,08 1225,52 1206,12 1198,72 1190,88 1190 1190 1190 1190 1190,92 1198,36 1224,4 1267,08 1318,32 1390,6 1469,76 1469,56 1459,36 1441,12 1415,08 1394,44 1388,44 1395,36 1400 1400,2 1401,12 1401,52 1393,28 1361,08 1339,08 1331,28 1334,56 1335,32 1351 1345,92 1328,08 1331,72 1337,08 1338,68 1331,56 1319,16 1294,32 1258,96 1244,44 1237,84 1238,68 1240,32
1169,84 1173,08 1176,12 1179,96 1184,96 1185,88 1189,88 1189,08 1189,36 1188,76 1189,52 1190,32 1189,44 1190,4 1192,76 1190,28 1190 1190 1190 1190 1190,28 1190,24 1190 1194 1205,72 1200,32 1191,56 1190,16 1190 1190 1190 1190 1190 1190 1192,48 1208,32 1236,08 1275,92 1335,88 1417,16 1442,04 1430,64 1417,12 1401,08 1392,84 1390,68 1395,72 1404,48 1403,08 1396,52 1383,84 1371,28 1354,4 1340,56 1335,32 1341,08 1341,96 1345,56 1321,52 1316 1323,68 1333,16 1339,44 1345,6 1343,52 1311,96 1274,88 1251,48 1236,08 1233,96 1234,96
1175,64 1175,48 1179,64 1188,44 1196,56 1200,4 1203,76 1201,04 1200,84 1198,52 1200,04 1200 1195 1190,96 1190 1190 1190 1190 1190 1190 1190 1190 1190 1190,56 1195,44 1190,8 1190 1190 1190 1190 1190 1190 1190 1190 1190,04 1193,04 1208,88 1246,24 1283,92 1342,12 1419,6 1416,4 1402,96 1391,92 1386,36 1385,32 1390,8 1400,16 1400,16 1395,72 1380,76 1365,12 1351,72 1340,32 1331,68 1332,64 1327,2 1308 1286,64 1287 1303,16 1309,52 1327,12 1338,96 1337,92 1305,16 1282,8 1253,56 1233,52 1233 1233
1185,52 1189,2 1194,68 1204 1209,88 1212,4 1215,92 1213,8 1213,92 1212,84 1212,64 1209,4 1203,72 1199,48 1193,24 1191,24 1190,76 1190,76 1190 1190 1190 1190 1190 1190 1190 1190 1190 1190 1190 1190 1190 1190 1190 1190 1190 1190 1193,04 1219 1242,12 1267,2 1340,32 1376,08 1379,64 1374,84 1369 1377,64 1387 1399,48 1399,24 1398,68 1383,32 1357,32 1336,2 1326,96 1321,64 1326,28 1313,68 1277,6 1254,04 1255,2 1266,16 1261,92 1267,4 1267,76 1269,68 1269,48 1268,04 1244,72 1233,04 1233 1233
1200,24 1205,84 1211,6 1222 1226,16 1229 1235,2 1231,08 1231,04 1229,6 1228,28 1222,88 1217,56 1211,16 1206,24 1202,28 1200,44 1198,96 1193,08 1190,96 1190,72 1191,08 1190 1190 1190 1190 1190 1190 1190 1190 1190 1190 1190 1190 1190 1190,04 1190,16 1201,36 1217,64 1241,76 1272,52 1321,4 1351,24 1350,48 1345,36 1357,6 1367,52 1385,36 1383,2 1376,32 1369,6 1356,12 1330,52 1318 1319,32 1331,24 1310,92 1261,72 1238,28 1235,6 1238,52 1235,48 1232,04 1231,64 1237,12 1241,08 1239,04 1233,24 1233 1233 1233
