data/100m/lokaldtm100.asc
ncols         480
nrows         500
xllcorner     57000
yllcorner     6698000
cellsize      100
NODATA_value  -9999
[rows 416 to 447 of 500, columns 142 to 212 of 480]
1378,44 1378,84 1379,64 1377,56 1379,6 1386,84 1395 1398,32 1402,16 1403,52 1405,96 1405,12 1405,44 1404,32 1404,16 1402,96 1401,36 1398,64 1394,24 1392,48 1397,84 1415,2 1429,56 1441,52 1442,72 1448,16 1441,4 1426,52 1412,6 1384,72 1362 1345,84 1342,52 1338,48 1334,64 1331,32 1329,48 1328,16 1324,92 1321,16 1318,92 1318,28 1318,04 1317,76 1317,68 1317,6 1317,8 1318,36 1319,88 1323 1328,2 1336,36 1350,08 1360,8 1351,08 1331,36 1322,4 1314,44 1305,28 1299,92 1295,8 1288,92 1281,48 1277,68 1272,2 1270,04 1270 1269,72 1267,96 1265,28 1263,84
1383,4 1389 1393,88 1389,56 1385,68 1393,88 1402,8 1408,76 1415,6 1418,04 1415,48 1411,64 1409,44 1407 1404,8 1401,92 1400,2 1400,56 1403,12 1406,76 1413,68 1433,52 1463,36 1478,72 1470,08 1467,36 1465,8 1455,92 1441,8 1414,4 1384,04 1360,68 1351,88 1344,52 1336,96 1328,12 1325,08 1324,04 1321,72 1319,56 1317,8 1316,96 1316,48 1315,84 1315,92 1315,92 1316,48 1317,08 1318,52 1319,88 1324,36 1332,36 1346,92 1359,8 1350,24 1331,48 1321,68 1314,44 1305,24 1300,28 1296,56 1289,08 1282,52 1277,84 1271,72 1270,04 1270 1270 1269,84 1268,32 1266,72
1399,96 1400 1400,4 1398,84 1395,2 1397,8 1403,12 1410,12 1418,64 1421,76 1418,76 1414,52 1411,76 1409,28 1406,96 1403,04 1401,52 1407,76 1414,84 1421,84 1433,64 1457 1481,12 1500,64 1491,6 1483,48 1479,76 1473,56 1466,96 1453,48 1415,92 1381,04 1366,32 1355,2 1342,2 1329,68 1325,88 1322,96 1320,2 1318,52 1317,08 1316,04 1314,88 1314 1313,88 1313,96 1314,68 1315,48 1316,92 1318,32 1320,8 1324,4 1330,08 1334,44 1331,88 1322,8 1316,16 1311,52 1305,76 1300,88 1295,8 1286,56 1279,32 1273,12 1270 1270 1270 1270 1270 1269,88 1268,8
1415,8 1408,4 1407,36 1412,64 1400,56 1399,24 1400,4 1406,8 1413,56 1417,2 1416,24 1414,08 1412,16 1411,56 1411,88 1411,76 1416,4 1425,2 1434,32 1449,96 1460,48 1489,64 1501,28 1503,8 1506,2 1500,44 1489,6 1482,2 1479,48 1472 1454,56 1419,4 1389,12 1369,04 1354,36 1339,68 1331,6 1325,2 1320,12 1318,6 1317,2 1315,64 1313,48 1312 1312,04 1312,28 1312,92 1313,92 1315,6 1317,32 1319,08 1319,24 1319,96 1320,92 1320,84 1317,12 1313,28 1310,28 1306,92 1303 1294,48 1282,72 1276,6 1270,56 1269,84 1269,48 1270 1270 1270 1270 1269,8
1429,92 1422,92 1419,96 1420,88 1408,84 1401,36 1400,44 1404,28 1409,48 1412,4 1412,76 1412,12 1411,24 1411,88 1416,88 1424,72 1434,8 1443,76 1464,28 1475,16 1487,72 1501,4 1501,56 1498,6 1507,36 1503,2 1489,32 1476,84 1472,52 1466,44 1462,52 1446,68 1417,24 1387 1364,6 1347,84 1339,32 1330,96 1323,84 1320,12 1318,48 1316,6 1312,96 1311 1311 1311 1311,28 1312 1313,96 1316,24 1318,4 1319,6 1319,76 1319,96 1319,8 1316 1311,8 1308,88 1306,32 1302,92 1288,16 1278,52 1272,04 1269,08 1269,12 1269,72 1270 1270,08 1270,6 1270,92 1270,24
1445,76 1428,64 1420,76 1420,6 1417,52 1410,48 1406,32 1406,8 1408,04 1408,72 1408,84 1408,84 1408,76 1411,48 1421,84 1439,52 1458,48 1460,72 1477,12 1492,72 1500,84 1498,84 1492,16 1489,44 1494,56 1486,16 1474,48 1457,08 1444,92 1436,12 1431,84 1425,68 1407,48 1384,68 1363,68 1351,16 1343,8 1335,68 1325,28 1320,68 1319,72 1318,28 1312,68 1311 1311 1311 1311 1311,12 1313,04 1315,64 1318,36 1320 1320 1320 1320 1315,72 1311 1307,28 1303,92 1300,04 1286,12 1276,36 1270,64 1269,88 1270 1270 1270,2 1271,4 1272,48 1272,8 1272,08
1462,44 1448,72 1443,84 1428,32 1420,96 1418,52 1412,88 1411,6 1409 1406,64 1405,56 1405,24 1405,44 1409,68 1423,72 1449,68 1467,2 1478,32 1481,56 1496,28 1500,96 1488,04 1480,12 1474 1469,32 1457,48 1446,84 1430,76 1417,96 1407,6 1403,52 1396,96 1387,52 1371,96 1357,52 1348,76 1340,36 1330,56 1321,6 1318,4 1316,8 1316,16 1311,64 1311 1311 1311 1311 1311,12 1312,52 1314,6 1317,56 1319,16 1318,92 1318,32 1316,76 1313,16 1308,68 1304,32 1299,92 1294,48 1284,68 1277,64 1273,08 1271,36 1271,44 1271,92 1273,44 1275,8 1275,64 1275,8 1275,32
1500,16 1486,44 1470,88 1462,8 1438,56 1430,24 1426,32 1419,72 1410,28 1405,48 1402,72 1401,44 1402,36 1406,6 1416,44 1452,24 1471,36 1481,44 1485,12 1492,08 1490,96 1480,56 1478,88 1468,8 1460,64 1454,84 1439,12 1423,56 1408,76 1394,72 1383,84 1380,28 1377,04 1365,96 1354,76 1345,16 1335,4 1324 1317,28 1314,68 1311,88 1311,04 1311 1311 1311 1311 1311 1310,84 1311,44 1312,64 1314,56 1315,16 1315,32 1314,6 1313 1310,32 1306,76 1302,96 1299,72 1293,96 1282,56 1278,56 1276 1274,28 1274,04 1275,16 1277,44 1279,6 1278,68 1278,28 1278,24
1530 1519,6 1501,04 1489,48 1466,72 1454,08 1443,8 1426,8 1412,6 1405,44 1400,84 1400 1400,52 1404,32 1414,44 1446,8 1466 1479,36 1481,84 1483,56 1482,68 1480,16 1480,6 1475,48 1467,28 1462,44 1452,44 1440,88 1419,96 1399,96 1382,8 1376 1372,2 1364,68 1355,2 1345,88 1337,44 1326,28 1317,48 1314 1312,08 1311,08 1311 1311 1311 1310,84 1310,16 1309,92 1310,16 1310,6 1311,36 1311,28 1311,44 1310,6 1309,36 1307,2 1304,76 1302,28 1299,8 1291,8 1279,96 1279,92 1278,48 1276,8 1276,4 1277,12 1278,52 1279,64 1279,92 1279,64 1279,8
1545,64 1529,2 1512,84 1497,4 1483,16 1468,72 1446,96 1432,92 1415,76 1406,48 1400,88 1400 1400,44 1406,12 1414,56 1430,36 1452,84 1468,64 1479,44 1480,72 1480,8 1480 1480 1479,72 1478,04 1469,32 1459,76 1448,08 1431,04 1411,4 1394,44 1382,24 1373,72 1364,08 1354,12 1345,48 1339,56 1328,52 1319,44 1315,2 1313,6 1312,36 1311,36 1311,08 1310,92 1310,12 1309,92 1309,16 1308,96 1308,64 1308,88 1308,36 1308,6 1308,08 1307 1305,28 1303,48 1300,64 1296,52 1288 1280,92 1280 1279,64 1278,68 1278,32 1278,36 1279 1279,4 1280 1280,12 1280,2
1564,6 1546 1525,32 1508,24 1495,84 1485,92 1465,32 1446,8 1422,16 1409,08 1401,4 1399,44 1400,36 1414,96 1436,04 1448,64 1462,16 1475,24 1481,4 1481,32 1480,4 1480,08 1481,12 1482,52 1479,88 1464,24 1454,04 1444,48 1436,52 1418,76 1406,12 1394,76 1379,12 1365,16 1354,48 1345,52 1340,48 1334,04 1322,8 1317,16 1316,12 1314,76 1313,32 1311,92 1310,8 1309,96 1309,2 1308,96 1308,2 1308 1308 1308 1307,88 1306,84 1305,52 1303,8 1302,48 1298,24 1290,56 1284 1279,96 1279,4 1279,6 1279,92 1279,12 1279 1279 1279,52 1280,88 1282,24 1283,12
1574,68 1555,68 1538,2 1525,44 1511,96 1502,76 1487,68 1467,08 1436,24 1419 1405,16 1399,64 1402,64 1425,04 1451,92 1457,8 1466,76 1478,44 1481,04 1481,56 1479,2 1478,8 1481,52 1482,24 1475,96 1459,92 1448 1433,24 1421,76 1413,52 1408,64 1400,76 1376,32 1359,44 1351,44 1346,28 1343,12 1337,08 1323,76 1318,36 1318,96 1317,52 1315,12 1312,76 1310,96 1309,6 1308,84 1308,04 1308 1308 1308 1308 1307,76 1306,28 1304,68 1302,8 1300,36 1293,68 1283,68 1280,28 1279,28 1279 1279,32 1280 1280 1279,96 1280,12 1281,28 1283,68 1285,8 1287,72
1577,16 1565,12 1554,72 1539,64 1524,28 1514,08 1505,6 1502,92 1478,12 1442,56 1420,88 1404,24 1401,04 1418,76 1449 1463,88 1476,36 1480,28 1480,44 1478,84 1473 1468,96 1470,36 1475,52 1471,72 1461,32 1443,72 1425,84 1411,36 1403,36 1403,76 1392,76 1369,68 1354,44 1349,04 1345,76 1343,12 1336 1323,08 1318,44 1319,6 1318,6 1315,8 1313,04 1310,8 1309,08 1308,16 1308 1308 1308 1308 1308 1307,12 1305,24 1303,72 1301,6 1297,16 1288,88 1281,12 1280 1279,8 1279,6 1279,96 1280 1280 1280,08 1281,72 1284,24 1287,12 1289,68 1292
1579 1571,8 1560,32 1546,36 1534,48 1532,24 1529,48 1517,36 1496,04 1472,2 1445,64 1412,8 1400,32 1411,24 1436,6 1463,56 1472,52 1477,68 1476,08 1471,8 1464,84 1460 1461,72 1465,48 1459,36 1446,96 1430,12 1408,76 1392,56 1382,48 1380,44 1369,04 1356,68 1349 1345,28 1341,84 1337,76 1329,12 1318,84 1315,76 1316,68 1317,08 1315,52 1313,12 1310,8 1308,48 1308 1308 1308 1307,76 1307,6 1306,96 1305,64 1303,68 1302,04 1299,2 1293,28 1286,28 1281,04 1280 1280 1280 1280 1280 1280 1281,12 1284,48 1287,76 1291,08 1293,92 1295,92
1585,04 1577,08 1564,72 1560,84 1552,36 1547,56 1534,68 1513,96 1503,48 1494,16 1458,52 1413,96 1392,8 1399,44 1425,92 1445,44 1461,72 1468,44 1465,12 1462,88 1457,4 1453,32 1451,92 1439,96 1429,08 1421,2 1409,2 1390,56 1376,24 1368,2 1366,08 1357,04 1346,96 1341,64 1339,72 1334,72 1328,16 1319,92 1314,16 1314,04 1314,68 1315,4 1314,76 1312,92 1310,48 1308,32 1308 1307,96 1307,36 1306,52 1305,88 1304,72 1303,44 1301,88 1300 1295,8 1290,12 1284,08 1280,76 1280 1280 1280 1280 1280 1280,48 1283,16 1287,16 1290,96 1294,64 1297,44 1299,04
1589,36 1580,04 1579,8 1574,32 1565,44 1556,48 1533 1509,28 1501,2 1493,48 1456,92 1416,64 1385,12 1380,56 1402,92 1414,12 1435,04 1454,44 1459,32 1460,52 1453,44 1432,4 1420 1402,2 1392,12 1386 1376,8 1364,52 1357,8 1355,92 1354,24 1344,76 1337,44 1332,8 1330,2 1325,56 1320,44 1315,16 1314,04 1314 1314,08 1314,92 1315,12 1313,68 1311,12 1308,52 1307,52 1307 1306,2 1305,48 1304,56 1303,04 1301,28 1299,8 1297,52 1292,8 1286,96 1281,16 1280 1280 1280 1279,88 1279,16 1280 1282,12 1285,88 1291 1294,64 1297,76 1299,84 1300
1587,2 1588,84 1584,44 1576,48 1567,32 1555,08 1522,88 1504,44 1496,68 1477,84 1439,96 1405,36 1380,2 1367,04 1379,24 1389,28 1407,92 1429,08 1456,52 1462,44 1452,68 1421,92 1399 1385,08 1372,88 1366,12 1358,56 1351,6 1347,56 1345,4 1342 1336,04 1331,2 1326,28 1323,36 1320,4 1319,96 1318,12 1315,28 1314,04 1314 1315,2 1316,6 1315,28 1311,32 1307,2 1305,76 1305,52 1305,16 1305,08 1305,12 1303 1299,96 1298,68 1296 1291,92 1286,84 1281,8 1280 1280 1280 1279,48 1279,12 1280,32 1283,64 1288,6 1294,24 1298,24 1300,16 1300,08 1300
1584,2 1600,12 1597,6 1584,2 1564,12 1545,88 1525,96 1512,48 1498,88 1467,32 1429,8 1397,2 1374,04 1354,68 1354,4 1361,88 1375,64 1396,48 1424,8 1444,04 1436,4 1405,24 1386,4 1376,16 1362,96 1355,68 1349,96 1344,88 1340,44 1336,84 1332,88 1328,64 1325,48 1321,84 1320,32 1319,52 1320 1320 1318,08 1315,44 1314,6 1316,4 1318,8 1318,48 1312,16 1305,92 1305 1305 1305 1306,12 1309,32 1308,16 1302,92 1299,32 1295,72 1292,08 1287,64 1283,68 1281,24 1280,44 1280 1279,08 1279,28 1281,04 1285,68 1291,04 1297,28 1301,08 1302,2 1301,32 1300,32
1578,88 1598,68 1601,92 1588,4 1566,08 1550,56 1533,52 1511,52 1486,28 1446,96 1413,4 1389,72 1367,6 1345,56 1338,32 1338,96 1341,36 1354,72 1372,24 1387,88 1388,92 1378,88 1368,04 1361,92 1352,72 1348,72 1345,72 1341,52 1334,4 1328,24 1325,12 1322,44 1320,68 1319,44 1319,36 1319,96 1320 1320 1318,92 1317,28 1316,68 1318,36 1319,32 1316,92 1309,8 1305,32 1305 1305 1305,68 1309,36 1317,12 1317,6 1310,4 1303,32 1297,76 1294,4 1290,28 1287,08 1284,08 1282,08 1280,32 1279,04 1279,2 1282,08 1288,72 1294,04 1299,24 1303,72 1305,28 1303,16 1300,36
1564 1580,84 1581,72 1573,64 1567,24 1557,8 1544,88 1513,72 1482,52 1443 1407,44 1385,44 1364,28 1342,04 1331,76 1328,28 1328,52 1332,6 1341,56 1350,56 1352,68 1351,16 1346,48 1343,76 1339,6 1340,16 1341,64 1336,72 1326,52 1320,36 1319,12 1319 1318,88 1319,36 1320 1320 1320 1320 1319,88 1318,88 1317,36 1317,24 1315,92 1312,32 1306,68 1305 1305 1305,24 1308,72 1314,52 1319,84 1319,76 1315,4 1308,16 1301,16 1297,28 1292,8 1289,72 1286,48 1284 1281,28 1280,16 1282,08 1286,96 1293,68 1298,2 1303,48 1308,32 1311,24 1307,16 1300,32
1535,44 1546 1549,44 1561,76 1561,44 1556,6 1548,52 1527 1482,48 1441,2 1405,44 1381,84 1360,4 1340,4 1330,04 1325,2 1323,44 1323,48 1324,16 1325,8 1327,88 1328,76 1326,52 1326,44 1325,96 1329,6 1330,44 1327,04 1319,24 1315,92 1315,6 1316,52 1318,04 1319,8 1319,96 1319,28 1318,84 1319,88 1320,6 1318,8 1316,36 1314,6 1312,2 1309,08 1306,08 1305 1305,04 1307 1312,92 1316,8 1319,48 1320 1319,04 1313,68 1306,76 1300,84 1295,52 1292,16 1288,52 1286,08 1284,08 1284,2 1287,2 1292,4 1299,44 1304,6 1310,76 1316,88 1320,08 1312,88 1302,04
1497,88 1511,64 1525,8 1546,08 1547,36 1546,96 1536,76 1515,76 1467,12 1429,16 1399,08 1374,6 1353,32 1338,84 1329,32 1323,24 1320,56 1318,68 1316,28 1314,96 1314,76 1315,4 1314,6 1315,16 1316,04 1318,8 1318,76 1318,04 1314,64 1312,92 1312,84 1313,92 1315,72 1317,68 1317,36 1315,2 1314,8 1316,76 1318,24 1316,24 1313,88 1311,48 1308,64 1306,24 1304,44 1304,96 1305,88 1311,08 1318,48 1319,16 1318,2 1318,84 1319,84 1317,44 1310,48 1301,92 1296,64 1293,44 1290,04 1287,88 1286,76 1287,68 1290,84 1295,92 1301,32 1307,6 1314,28 1320,36 1323,44 1317,64 1304,2
1468,08 1489,76 1507,16 1521,76 1525,88 1524,88 1501,4 1475,04 1448,96 1420,44 1392,6 1366,96 1350,6 1339,08 1328,72 1320,32 1317,4 1315,6 1314,12 1313,04 1312,08 1311,12 1310,24 1310,16 1310,48 1312 1311,88 1311,92 1310,6 1309,92 1310,04 1311,16 1312,32 1313 1312,16 1310,84 1310,32 1310,6 1312,4 1311,68 1310,2 1308 1305,8 1303,04 1300,84 1303,36 1305,92 1312,24 1319,24 1320,44 1317,2 1316,88 1320 1319,92 1315,16 1301,92 1296,88 1294,12 1290,72 1288,52 1288 1289,56 1293,12 1298,36 1304,08 1310,2 1315,84 1319,24 1321,2 1316,92 1302,96
1458,88 1477,84 1490,08 1501,44 1503,52 1498,48 1474,88 1447,36 1426,44 1401,8 1379,32 1360,68 1347,96 1339,24 1327,4 1318,64 1316,04 1315 1314,44 1314,08 1312,68 1310,32 1308,36 1307,08 1306,76 1307,2 1307,04 1307,44 1306,84 1306,88 1307,12 1308,08 1308,84 1309,24 1309,64 1309,88 1310 1310 1309,6 1308,08 1306,48 1304,64 1303,08 1300,56 1296,96 1298 1305,16 1311,56 1316,32 1317,76 1315,88 1315,92 1316,8 1317,36 1312,64 1302,32 1296,76 1293,2 1289,72 1287,32 1287,28 1289,16 1293,08 1298,52 1304,88 1311,16 1315,4 1318,08 1319,44 1312,56 1300,8
1445,68 1463,08 1472,6 1477,64 1480,4 1484,08 1467,44 1441,92 1421,84 1399,64 1380,08 1365,28 1352,08 1342,8 1330,04 1319,52 1316,68 1316,44 1316,56 1316,76 1314,88 1310,96 1307,48 1305,08 1303,96 1303,88 1303,56 1303,76 1303,44 1303,88 1304,4 1305,2 1305,84 1306,44 1307,4 1308,72 1309,52 1308,92 1308,16 1306,4 1305 1303,52 1302,4 1301,08 1300,04 1295,64 1302,32 1307,28 1309,52 1310,96 1310 1310,6 1310,24 1309,6 1306,04 1299,96 1295,6 1291,16 1287,16 1284,16 1284,68 1288,84 1294,12 1300,16 1308,32 1314,08 1316,04 1315,24 1311,12 1303,84 1299,92
1422,8 1439,56 1447,84 1452,24 1454,12 1456,64 1449,24 1438,48 1425,2 1407,2 1394 1381,96 1362,2 1344,72 1331,24 1321,96 1317,88 1318,28 1318,92 1319,56 1317,36 1311,16 1305,92 1302,88 1301,36 1301,16 1301,08 1300,96 1300,44 1301,36 1301,88 1302,68 1303,2 1304,04 1304,96 1306 1306,76 1306,76 1306,28 1304,88 1304 1303,04 1302,32 1302 1300,8 1295,36 1298,84 1302,88 1303,6 1303 1301,8 1303,16 1303,32 1303,08 1301,36 1298,12 1293,92 1289,24 1284,96 1281,6 1281,32 1288,44 1296,16 1304,12 1313,72 1318,56 1317,48 1313,32 1306,48 1299,96 1298,88
1398 1414,12 1422,96 1427,88 1428,44 1429,12 1429,44 1430,44 1425,12 1417,28 1409 1402,36 1386,76 1360,36 1338,04 1326,12 1319,72 1319,8 1320,6 1320,96 1318,2 1309,08 1302,72 1300,44 1300 1300 1300 1300 1300 1300,08 1300,4 1300,88 1301,44 1301,92 1302,24 1303,04 1303,88 1304,32 1304,4 1303,68 1303,08 1302,36 1302 1301,72 1300,04 1295,36 1295,04 1297,6 1297,32 1297,04 1296,96 1298,08 1298,12 1298,48 1298 1295,56 1291,48 1286,4 1282,52 1280,32 1281,92 1291,48 1300,88 1310 1318,64 1320,08 1318,84 1312,84 1304,64 1299,08 1297,48
1372,52 1387,44 1398,12 1404,44 1407,24 1410,8 1418,76 1421,72 1417,92 1413,36 1409,04 1403,64 1380 1352,24 1337,4 1327,8 1322,08 1320,92 1320,72 1318,88 1314,84 1305,56 1299,64 1299,4 1300 1300 1300 1300 1300 1300 1300 1300 1300,2 1300,4 1300,24 1300,44 1301,48 1302,12 1302,56 1302,24 1301,88 1301,64 1301,48 1300,84 1298,8 1294,84 1294 1294,04 1294 1294,04 1294,88 1295,28 1294,72 1295,56 1295,4 1294,24 1289,96 1283,24 1280,96 1279,96 1282,08 1293,04 1303,44 1310,36 1317,32 1318,6 1318,68 1311,92 1304,2 1299,4 1297,36
1335,04 1349,4 1362,48 1380,84 1385,48 1393,68 1404,4 1402,6 1391,88 1391,24 1381,68 1379,92 1359,2 1339,68 1332 1326,28 1322,56 1320,64 1319,16 1315,64 1310,24 1303,04 1299,52 1299,88 1300 1300 1300 1300 1300 1300 1300 1300 1300 1300 1300 1300 1300,04 1300,6 1301,2 1301,12 1301 1300,92 1300,76 1300,12 1298,56 1296,28 1294,6 1294 1294 1294 1294 1294,04 1293,72 1293,72 1293,6 1293,68 1285 1278,72 1278,88 1279,04 1282,84 1292,48 1302,28 1307,2 1310,6 1311,64 1311,68 1308,64 1304,6 1301,12 1298,56
1307,4 1316,32 1330,24 1348,72 1360,2 1367,12 1372,44 1371,44 1363,12 1359,48 1351,56 1347,68 1340,12 1331,84 1326,64 1323 1320,68 1318,72 1316,6 1312,88 1308,4 1303,16 1300,32 1300 1300 1300 1300 1300 1300 1300 1300 1300 1300 1300 1300 1300 1300 1300,24 1301 1301 1300,48 1300 1300 1300 1299 1298,32 1297,56 1295,72 1294,88 1294 1294 1293,84 1292,76 1292,04 1290,88 1289 1281,76 1277,36 1277,64 1278,72 1282,24 1289,52 1298,2 1302,04 1303,76 1303,08 1304,4 1303,92 1303,16 1301,2 1298,04
1288,32 1294,4 1304,12 1314,68 1325,28 1329,96 1335,52 1340 1336,2 1334,88 1332,32 1333,4 1327,92 1323,84 1320,92 1319,6 1318,12 1316,08 1314 1310,4 1305,92 1301,96 1300,12 1300 1300 1300 1300 1300 1300 1300 1300 1300 1300 1300 1300 1300 1300 1300,16 1301 1301 1300,36 1300 1300 1300 1299,84 1299,88 1300 1299,12 1296,68 1294,72 1294 1293,12 1291,2 1289,56 1287,2 1283,88 1279,52 1277,52 1277,52 1278,48 1280,68 1284,48 1290,32 1293,2 1295,16 1294,92 1297,32 1299,32 1301,44 1299,96 1295,76
1271,08 1277 1285,88 1297,2 1305,2 1309,48 1314 1317,92 1317,32 1318 1318,84 1320,08 1317,88 1316,52 1314,88 1315,48 1315,44 1314,64 1312,64 1309,04 1304,64 1300,8 1300 1299,84 1299,76 1300 1300 1300 1300 1300 1300 1300 1300 1300 1300 1300 1300 1300,6 1301,72 1301,76 1300,6 1300 1300 1300 1300 1300 1300 1299,84 1298,24 1296,08 1294,12 1292,48 1290,08 1287,72 1285,32 1282,52 1279,68 1278,04 1276,96 1276,76 1277,36 1279,12 1282,32 1284,24 1285,96 1286,52 1289,84 1292,12 1294,68 1293,24 1290,08
