data/100m/lokaldtm100.asc
ncols         480
nrows         500
xllcorner     57000
yllcorner     6698000
cellsize      100
NODATA_value  -9999
[rows 288 to 319 of 500, columns 355 to 425 of 480]
1180,44 1179,12 1177,4 1177 1177 1176,88 1175,84 1175 1175 1175,4 1176,12 1177,12 1178 1178,16 1175,4 1172,76 1173,84 1175,08 1180,76 1185,88 1190,16 1195,92 1200,72 1207,08 1213,68 1217,76 1221,92 1228,16 1234,96 1239,48 1239,56 1237,88 1234,52 1228,36 1221,28 1217,76 1202,68 1184,04 1175,92 1169,16 1166,64 1166 1166 1166 1167,44 1170 1173,6 1177,88 1184,2 1192,04 1199,44 1197,8 1188,24 1165,96 1149,2 1134,36 1130 1130 1130 1130 1130 1130 1130 1130 1130 1130 1135,28 1146,88 1156,68 1168,68 1183,52
1181,2 1179,68 1177,48 1177 1177 1177 1176,96 1175,24 1175 1175 1175,08 1175,36 1176,56 1174,36 1171,6 1169,84 1169,76 1173,2 1178,68 1184 1192,4 1201 1204,8 1211,6 1219 1221,8 1225,04 1229,8 1235,24 1239,24 1239,04 1238,68 1237,28 1232,72 1226,2 1218,48 1203,36 1184,96 1173,08 1167 1166 1166 1166 1166 1166,44 1169,04 1173,04 1179,08 1185,4 1194 1200,2 1202,56 1191,4 1163,04 1142,48 1130,6 1130 1130 1130 1130 1130 1130 1130 1130 1130 1130,36 1137,24 1143,8 1153 1163 1177,68
1181,6 1179,64 1177,8 1177 1177 1177 1176,92 1175,12 1175,12 1175,44 1176,2 1177,28 1178 1173,8 1171,48 1169,88 1169,8 1172,96 1178 1181,44 1189,48 1197,4 1202,92 1210,32 1218,76 1222,56 1225,72 1229,76 1233,2 1235,6 1236 1237,6 1239,08 1236,56 1230,32 1222,4 1206,96 1190,12 1174,72 1166,2 1166 1166 1166 1166 1166,12 1168,72 1173,8 1178,88 1186,2 1194,96 1199,76 1197,32 1178,64 1157,8 1139,68 1130,04 1130 1130 1130 1130 1130 1130 1130 1130 1130 1131,76 1140,12 1144,36 1153,56 1163,08 1174,2
1183,76 1180,64 1178,96 1177,92 1177,16 1177,36 1177,24 1175,64 1176,72 1177,6 1178,6 1179,76 1179,16 1175,48 1172,44 1170,68 1169,56 1170,16 1174,88 1178,36 1182,6 1189,44 1198,36 1207,88 1216,48 1221,92 1225,76 1228,88 1230,56 1231 1230,6 1232,2 1233,32 1234,2 1231,56 1224,92 1216,48 1201,72 1183 1167,36 1166 1166 1166 1166 1166,76 1171,28 1177,24 1184,2 1191,92 1198,04 1199,8 1191,56 1174,08 1156,12 1142,08 1131,08 1130 1130 1130 1130 1130 1130 1130 1130 1130 1130 1133,76 1141,64 1149,76 1158,08 1168,2
1187,36 1183,84 1181,48 1181 1180,16 1179,76 1179,28 1178,16 1177,48 1179,04 1180,92 1180,12 1178,16 1176,28 1174,28 1172,88 1171,52 1171,96 1175 1177,88 1178,52 1181,76 1192,16 1202,12 1210,32 1219,96 1224,24 1226,72 1226,64 1225,68 1223 1223,56 1224,52 1228,4 1228 1221,56 1211,56 1199,8 1180,24 1166,4 1166 1166 1166,08 1168,2 1173,12 1178,96 1185,68 1194,08 1199,4 1202,28 1203,2 1199,08 1184,96 1166,88 1152,8 1140,96 1130,52 1130 1130 1130 1130 1130 1130 1130 1130 1130 1130,44 1135,96 1142,52 1151,6 1161,08
1191,4 1188,16 1185,2 1183,64 1182,2 1181,2 1180,48 1181,44 1179,84 1181,28 1183,2 1179,6 1178,88 1177,16 1176,16 1175,32 1174,64 1175,48 1178,2 1179,68 1178,72 1178,76 1184,8 1192,44 1201,96 1211,8 1217,72 1221,72 1219 1213,12 1211,08 1214 1216,48 1221,88 1221,72 1214,32 1195,12 1185,36 1174,88 1166,2 1166 1166,4 1168,16 1174,16 1180,12 1188,2 1196,12 1201,36 1204 1205,92 1206,6 1203,48 1196,4 1182,28 1174,48 1160,08 1146,76 1131,88 1129,84 1130 1130 1130 1130 1130 1130 1130 1130 1130,84 1136,44 1141,28 1148,2
1194,52 1191,44 1188,2 1185,88 1183,6 1181,72 1181,56 1184,92 1181,44 1183 1184,16 1180,76 1180,04 1179,52 1178,92 1177,56 1176,6 1176,88 1178,48 1179,68 1178,88 1177,96 1179,48 1182,28 1189,52 1195,16 1200,12 1202,04 1196,6 1198,76 1200,96 1202,56 1205,4 1206,48 1201,08 1192,24 1181,76 1175,24 1167,84 1164,68 1166,6 1171,12 1176,44 1180,4 1184,48 1192,2 1199,84 1201,88 1204,72 1207,24 1209,44 1209,96 1207,88 1204,76 1204,04 1199,52 1180,52 1150,8 1136,48 1130 1130 1130 1130 1130 1130 1130 1130 1130 1131 1134,48 1139,92
1198,12 1194,64 1190,92 1188,32 1185,92 1183,2 1184,28 1186,28 1183,88 1184,08 1183,6 1181,36 1180,16 1180,04 1179,8 1178,12 1177 1177,04 1177,52 1177,92 1177,96 1177,12 1176,92 1177,24 1178,4 1179,56 1178,2 1178,64 1180,32 1189,44 1193,28 1189,56 1183 1182,8 1181,24 1178,88 1178,24 1169,4 1162,28 1162,16 1166,48 1173,28 1180,76 1182,36 1184,64 1192,04 1200,12 1201,52 1204,24 1207,76 1212,36 1215,6 1217 1217,52 1216,4 1209,12 1192,36 1164,24 1144,16 1130,84 1130 1130 1130 1130 1130 1130 1130 1130 1130 1131,56 1137,24
1200,04 1196,56 1192,8 1190,24 1190 1185,88 1185,6 1184,52 1184,2 1186,96 1186,52 1183,92 1183 1181,52 1180,08 1178,44 1176,96 1176,28 1176,44 1176,76 1177 1176,44 1176 1176,16 1175,88 1175,2 1174,36 1175,36 1178,68 1180,16 1180,04 1177,88 1173,2 1172,2 1170,84 1170 1166,08 1162,08 1160,08 1160,72 1164,12 1170,36 1177,84 1180,52 1180,36 1186,84 1196,92 1199,88 1201,92 1205,6 1213 1219,64 1222,04 1226,44 1218,64 1208,64 1190,12 1172,48 1157,28 1140,92 1130,24 1130 1130 1130 1130 1130 1130 1130 1130 1130,76 1137
1202,4 1200,08 1196,76 1193,88 1192,52 1188,92 1188,96 1189,04 1190,84 1190,36 1190,32 1188,28 1187,4 1185,04 1182,92 1179,72 1177,44 1176,2 1176 1176 1176,12 1176 1176 1176,24 1175,8 1175,2 1174,8 1174,96 1176,2 1177,08 1177 1174,76 1171,04 1168,36 1165,88 1164,04 1160,52 1159,32 1160 1160,12 1160,56 1163,76 1170,36 1174,04 1177,52 1183,68 1193,72 1199,48 1200,16 1202,48 1212,28 1218,32 1219,72 1222,76 1218,52 1208,32 1194 1179,72 1167,12 1147,84 1131,2 1130 1130 1130 1130 1130 1130 1130 1130 1130,96 1135,6
1208,88 1205,96 1200,36 1196,48 1194,48 1195,12 1197,24 1195,76 1194,68 1194 1194,48 1193,4 1192,96 1190,72 1188,56 1183,92 1180,2 1178,32 1176,88 1176,24 1176 1176,2 1176,48 1176,8 1176,4 1176,48 1175,68 1175,08 1175,36 1175,28 1174,92 1173,12 1169,8 1166,32 1162,16 1160,92 1160,12 1160 1159,88 1159,84 1159,24 1160,24 1163,24 1166,4 1171,72 1177,68 1189,04 1198,64 1200,2 1203,56 1209,36 1211,48 1209,52 1208,92 1205,12 1199,68 1183,52 1176,88 1163,12 1144,76 1130,04 1130 1130 1130 1130 1130 1130 1130 1130 1130,2 1133
1210 1207,36 1199,88 1200,8 1199,64 1199,92 1198,88 1198,68 1198,32 1199 1200,44 1199,92 1199,72 1198,04 1196,08 1191,64 1188,04 1183,92 1181,24 1179,16 1178,2 1178,12 1177,8 1177,72 1177,72 1178,24 1177,16 1176,04 1175,08 1175 1175,08 1174,08 1171,08 1167,04 1162,12 1160 1159,6 1159,2 1159 1159 1159 1159,32 1159,84 1161,64 1165,32 1170,44 1179,76 1188,24 1200,84 1202,08 1203,72 1202,88 1201,36 1197,88 1198,24 1198,44 1182,04 1169,56 1156,84 1141,2 1130 1130 1130 1130 1130 1130 1130 1130 1130 1130 1131,32
1209,2 1206,8 1204,68 1205,6 1204,12 1202,44 1202,96 1204,08 1206,04 1208,04 1209,56 1209,96 1210,04 1208,24 1206,92 1202,56 1199 1193,88 1190,84 1187,72 1185,36 1184,24 1182,56 1181,44 1181,08 1181,72 1179,96 1178,2 1176,52 1176,48 1176,96 1176,6 1174,44 1171,68 1167,04 1160,64 1158,52 1158,08 1158 1158,16 1158,96 1159 1158,52 1158,2 1158,32 1160 1164,6 1168,76 1177,68 1170,96 1173,4 1168,64 1172,96 1170,72 1168,44 1166,44 1156,76 1152,2 1144,92 1134,44 1130 1130 1130 1130 1130 1130 1130 1130 1130 1130 1130,2
1212,32 1213,92 1212 1212,4 1211,36 1213,28 1215,16 1217,24 1219,08 1219,92 1220,88 1221,84 1222,24 1220,56 1219,92 1215,64 1213,4 1209,24 1207,72 1203,36 1197,84 1193,88 1191,32 1189,48 1187,76 1188,08 1186,48 1185,56 1183,16 1184 1183,28 1182,56 1181,64 1180,24 1175,48 1165,16 1159,6 1158 1158 1158,08 1159 1158,52 1157,08 1155,32 1153,28 1151,32 1151,6 1152,24 1153,88 1150,04 1149 1148 1148,6 1147,64 1143,4 1139,88 1138,92 1141,04 1134,32 1130,24 1130 1130 1130 1130 1130 1130 1130 1130 1130 1130 1130
1220,72 1219,84 1219 1219,44 1220,56 1222,4 1224,52 1228,36 1228,88 1230,32 1231,92 1234,36 1234,72 1233,68 1233,24 1230,52 1229,72 1227,04 1227,84 1222,8 1216,36 1206,96 1202,28 1198 1196,08 1196,04 1195,6 1196,52 1196,36 1198,56 1194,8 1194,84 1195,72 1192,92 1181,8 1171,4 1163,08 1158,64 1158,52 1158,76 1159 1158,4 1156,6 1154,04 1150,32 1145,84 1142,32 1143,16 1145,04 1143,04 1141,52 1141,2 1141,28 1139,04 1133,16 1130,08 1130,2 1130,48 1130 1130 1130 1130 1130 1130 1130 1130 1130 1130 1130 1130 1130
1226,32 1225,96 1225,76 1227,12 1229,28 1229,92 1233,8 1237,64 1237,8 1240 1243,28 1246,48 1247,68 1246,84 1246,36 1244,12 1243,12 1240,64 1240,12 1233,64 1226,68 1219,88 1213,8 1209,12 1206,2 1205,52 1205,2 1206,88 1206,76 1206,72 1203,64 1203,24 1203,08 1199,72 1186,88 1177,52 1168,24 1162,88 1161,96 1160,04 1159,52 1158,6 1156,96 1154,08 1149,52 1144,12 1141,04 1142,04 1142,96 1141,6 1140,12 1139,24 1138,2 1135,08 1130,96 1130 1130 1130 1130 1130 1130 1130 1130 1130 1130 1130 1130 1130 1130 1130 1130
1232,4 1232,92 1232,44 1233,12 1234,32 1237,6 1240,84 1245,44 1246,96 1251,04 1254,88 1258,24 1260 1258,36 1257,32 1254,32 1251,28 1247,56 1244,2 1238,88 1232,8 1227,68 1223,72 1221,36 1219,04 1216,76 1215,32 1216,48 1215,16 1213,16 1208,76 1206,24 1204,32 1200,36 1189,92 1179,72 1173,64 1169,56 1168,32 1164,96 1162,44 1159,84 1158,2 1155,88 1151,72 1146,6 1143,28 1143,72 1143,08 1141,72 1139,72 1138,88 1137,28 1133,88 1130,44 1130 1130 1130 1130 1130 1130 1130 1130 1130 1130 1130 1130 1130 1130 1130 1130
1239,92 1239,88 1239,92 1241,56 1244,16 1247,12 1249,4 1254,08 1256,88 1263,04 1266,64 1269,4 1268,6 1266,16 1263,84 1261,32 1256,84 1252,64 1250,64 1244,72 1241,48 1237,28 1235,92 1233,68 1231 1227,32 1224,92 1223,28 1220,28 1216,96 1210,76 1207,04 1203,6 1199,52 1187,68 1178,6 1175,52 1174,68 1174,92 1171,84 1166,12 1160,8 1159,8 1158,8 1155,96 1152,24 1149,64 1147,88 1145,92 1143,76 1140,72 1139,84 1139,28 1137,04 1132,52 1130,64 1130 1130 1130 1130 1130 1130 1130 1130 1130 1130 1130 1130 1130 1130 1130
1246,2 1246,84 1248,36 1251 1254,48 1258,36 1260 1266,2 1269,68 1276,2 1278,6 1279,08 1275,6 1271,92 1268,12 1263,96 1259,28 1258,04 1260,56 1259,4 1257,84 1251,56 1250,56 1247,52 1241,96 1239,56 1235,04 1229,28 1220,8 1216,68 1212,2 1207,88 1202,56 1195,16 1184,4 1177,68 1176,36 1177,56 1180,28 1178,08 1168,2 1160,6 1158,76 1159,64 1158,28 1157,36 1155,16 1152,44 1149,56 1147,4 1145,16 1144,68 1143,68 1142,84 1141,28 1137,32 1133,8 1132,92 1130,44 1130 1130 1130 1130 1130 1130 1130 1130 1130 1130 1130 1130
1255,56 1257,48 1259,56 1261,72 1264,4 1270,72 1274,32 1279,56 1281,56 1284,44 1284,4 1283,16 1280,48 1276,96 1273,68 1271,04 1269,96 1270,48 1274,16 1273,04 1272,8 1271,28 1273,44 1269,8 1264,84 1255,16 1244,48 1236,8 1226,36 1218,16 1213 1207,76 1199,72 1188,4 1178,88 1175,8 1175,48 1177,64 1179,28 1175,36 1165,8 1158,64 1154,08 1154,24 1156,6 1160,64 1159,04 1156,12 1153,56 1152 1150,36 1150,44 1149,4 1148,92 1147,24 1145,88 1144,32 1140,68 1134,04 1130,08 1130 1130 1130 1130 1130 1130 1130 1130 1130 1130 1130
1266,76 1268,04 1270,68 1273,24 1277 1281,36 1284,44 1287 1288,24 1289,08 1287,44 1285,36 1281,8 1281,6 1282,72 1284,16 1288,48 1292,4 1296 1297,28 1301,56 1300,04 1299,36 1288,72 1281,52 1266,52 1253,52 1245,96 1237,16 1224,32 1216,64 1210,24 1199 1184,84 1176,2 1172,72 1172,32 1172,84 1171,76 1167,2 1160,92 1158,68 1158,76 1156,72 1157,2 1160,04 1159,6 1157,84 1156,36 1155,4 1154,96 1155,84 1155,36 1154,64 1152,84 1151,92 1149,4 1145,76 1137,84 1130,16 1130 1130 1130 1130 1130 1130 1130 1130 1130 1130 1130
1276,88 1276,6 1279,84 1281,72 1284,56 1287,16 1289,44 1291,44 1292,36 1292,64 1290,88 1289,56 1288,64 1291,4 1296,48 1301,4 1307,24 1312,96 1319,76 1323,8 1324,4 1321,44 1307,76 1294,24 1282,04 1267,12 1256,08 1248,6 1240,44 1228,6 1220,4 1209,16 1193,68 1179,28 1172,24 1168,84 1167,84 1166,76 1164,56 1161,28 1160 1160 1160,28 1160 1160 1160 1159,92 1159 1158,32 1157,84 1158,16 1159,48 1159,8 1158,92 1157,36 1157 1154,52 1149,92 1142,28 1134,2 1130,28 1130 1130 1130 1130 1130 1130 1130 1130 1130 1130
1284,32 1282,8 1284,56 1287,16 1289,16 1291,16 1293,24 1295,16 1295,84 1295,8 1294,24 1293,92 1295,2 1299,04 1302,56 1307,96 1316,56 1323,16 1331,88 1337,24 1328,32 1316,84 1302,04 1292,04 1281,4 1268,88 1257,64 1247,8 1238,36 1227,56 1215,24 1199,16 1185 1172,48 1167,24 1164,64 1163,76 1162,68 1160,96 1160 1160 1160 1160 1160 1160 1160 1160 1159,68 1159,2 1159,28 1159,6 1160,04 1160,44 1160,8 1160,48 1160,76 1159,16 1155,64 1150,2 1143,36 1134,72 1130,72 1130 1130 1130 1130 1130 1130 1130 1130 1130
1291,56 1290,88 1292,2 1292,6 1294,12 1295,44 1297,2 1298,48 1299,04 1299 1297,48 1296,88 1297,6 1299,12 1300,6 1305,24 1313,28 1319,08 1326,24 1328,24 1316,2 1302,92 1293,2 1287,04 1277,84 1263,88 1251,08 1240,16 1227,24 1214,88 1200 1183,52 1174,88 1167,52 1162,96 1160,96 1161,04 1160,4 1160 1160 1160 1160 1160 1160 1160 1160 1160 1160 1160 1160 1160,44 1161,4 1162,36 1163,4 1163,32 1163,08 1160,84 1159,6 1156,44 1151,96 1146,4 1139,48 1132,52 1130,04 1130 1130 1130 1130 1130 1130 1130
1298,36 1298,76 1300,56 1300,48 1302,24 1302,08 1301,2 1300,44 1300 1299,68 1298,68 1298 1298 1298,76 1299,2 1300,68 1305,24 1309,12 1311,52 1310,72 1303,32 1295,08 1287,76 1283,68 1275,48 1260,84 1246,92 1233,28 1217,16 1202,16 1186,52 1175,12 1169,64 1163,88 1160,2 1160 1160 1160 1160 1160 1160 1160 1160 1160 1160 1160 1160 1160 1160 1160,16 1161,64 1163,36 1165,28 1166,76 1166,96 1166,88 1164,04 1162,56 1163,24 1162,36 1158 1151,6 1143,96 1135,2 1130,48 1130 1130 1130 1130 1130 1130
1304,32 1305,8 1308,84 1311,4 1315,92 1310,88 1303,72 1300,44 1299,32 1298,52 1298,2 1298 1298,36 1299 1299 1299,64 1300,52 1301 1302,72 1299,12 1291,32 1284,28 1280,32 1275,8 1263,8 1250,8 1237,72 1225,4 1210,96 1196,4 1182,92 1174,28 1169,56 1165,6 1161,48 1162,2 1161,64 1162,16 1161,88 1160,08 1160 1160 1160,12 1160,64 1161,16 1160,4 1160,4 1160,4 1160 1160,16 1162,68 1165,64 1168,36 1170,64 1171,52 1172,64 1172,24 1174,48 1173,4 1174,2 1173,8 1169,24 1159,6 1146,96 1135,08 1130 1130 1130 1130 1130 1130
1311,24 1312,4 1314,8 1317,88 1319,44 1310,4 1300,76 1298,4 1297,28 1297,16 1297,6 1298 1298,76 1299,44 1299,72 1300 1300,32 1301,68 1303,12 1299,08 1287,92 1278,48 1274,72 1268,16 1257,08 1245,84 1233,28 1221 1208,32 1194,96 1182,24 1176,08 1173,32 1170,6 1167,92 1168,28 1168 1169,2 1167,64 1163,04 1160 1160,96 1162,04 1163,12 1163,96 1163,6 1163,68 1162,76 1162,08 1162,32 1165,24 1168,12 1171,44 1174,48 1176,2 1178,32 1180,6 1183,92 1183,88 1187,88 1191,56 1190,4 1179,8 1164,16 1145,96 1132,56 1130 1130 1130 1130 1130
1320,04 1317,84 1317,48 1315,48 1310,44 1303,92 1297,56 1295,44 1294,92 1295,76 1296,88 1298,16 1299,4 1300,08 1300 1300 1301,12 1303,96 1304,64 1299,36 1288,12 1279,6 1271,68 1263,36 1253,8 1243,96 1232,2 1218,76 1206,76 1195,6 1186,04 1180,84 1179,28 1177,32 1174,84 1175,08 1175,28 1176,88 1177,4 1173,96 1165,68 1164,76 1165,52 1166,64 1167,8 1168 1168 1167,04 1167,68 1168,16 1170,24 1172,52 1175,56 1179,08 1181 1183,4 1186,32 1190,16 1193,96 1200 1205,2 1205,64 1198,12 1184,28 1161,08 1140,92 1131,28 1130 1130 1130 1130
1330 1323,36 1319,24 1310,4 1301,12 1296,24 1293,2 1292,28 1292,56 1294,2 1296,28 1298,2 1299,84 1300,84 1300,32 1300 1301,24 1304,44 1304,32 1298,76 1289,28 1279,08 1267,64 1258,36 1248,28 1242,4 1232,64 1218,44 1207,36 1198,88 1191,92 1187,44 1184,2 1183,84 1181,76 1181,68 1181,2 1181,64 1181,72 1179,52 1173,52 1170,24 1169,84 1170,64 1172,24 1172,92 1173 1172,4 1173,32 1174,12 1176,72 1177,6 1178,6 1181,96 1184,84 1187,76 1190,68 1194,92 1200,24 1207,6 1214,16 1216,24 1211,16 1195,92 1161,52 1144,04 1134,12 1130,04 1130 1130 1130
1337,72 1330,52 1320,08 1306,88 1296,4 1291,84 1289,32 1289,08 1289,88 1292,04 1294,8 1297,4 1299,6 1300,76 1300,28 1300,4 1302,84 1304,44 1303,52 1295,64 1284,04 1269,76 1257,12 1248 1240,52 1235,84 1226,96 1217,6 1209,68 1202,6 1198,6 1195,76 1194,88 1192,96 1190,16 1187,92 1184,96 1183,36 1181,8 1180,08 1176,92 1174,36 1173,36 1174,36 1176,44 1178,36 1177,36 1177,36 1178,88 1180,16 1182,96 1183,32 1184,04 1186,68 1189,12 1191,72 1194,44 1198,08 1203,12 1210,68 1218,36 1220,68 1215,56 1196,6 1161,36 1146,4 1136,88 1130,44 1130 1130 1130
1340,84 1331,48 1314,32 1300,68 1292,68 1288,08 1285,92 1285,76 1286,8 1289,12 1291,76 1294,52 1297,72 1299,88 1300,76 1300,8 1300,6 1297,48 1294,8 1286 1274,56 1259,6 1247,4 1239,64 1236,12 1232,04 1223,68 1216,88 1213,56 1208,76 1205,36 1204,48 1204,56 1202,48 1199 1194,04 1187,44 1183,16 1181,2 1180 1178,4 1177,08 1176,52 1177,8 1180,28 1182,24 1182,28 1182,96 1185,36 1186,56 1189,52 1190,68 1192,24 1192,6 1193,76 1195,48 1197,64 1200,56 1204,08 1209,12 1216,8 1217,64 1203,48 1179,28 1154,68 1144,24 1134,32 1130,04 1130 1130 1130
1331,72 1319,6 1306,92 1298,08 1290,56 1285,04 1282 1282,28 1283,28 1284,48 1285,92 1287,64 1291,72 1297,8 1299,32 1289,52 1284,84 1273,44 1270,56 1261,4 1258,68 1250,92 1242,08 1237,4 1236,16 1234,92 1231,72 1224,64 1221,72 1216,68 1213,6 1212,56 1213 1212 1208,24 1200,12 1186,88 1181,32 1180,24 1179,76 1179,52 1179,36 1179,76 1182,56 1187,04 1190 1191,92 1191,48 1192,48 1193,92 1196,72 1198,32 1200 1198,24 1198,64 1199,68 1200,48 1203,48 1204,76 1204,6 1204,48 1198,08 1183,84 1168,68 1154,88 1144,72 1133,2 1130 1130 1130 1130
