data/100m/lokaldtm100.asc
ncols         480
nrows         500
xllcorner     57000
yllcorner     6698000
cellsize      100
NODATA_value  -9999
[rows 320 to 351 of 500, columns 142 to 212 of 480]
1309,8 1312,52 1314,44 1319,24 1325,2 1331,28 1339,2 1354,56 1368,36 1375,24 1380,32 1390,72 1406 1425,04 1452,8 1481,52 1484,08 1474,56 1463,68 1456,68 1443,4 1442,8 1428,24 1416,72 1404,4 1400,04 1394,04 1384,64 1377,48 1370,28 1367,56 1362,68 1357,92 1348,92 1344,08 1342,24 1347,28 1353,28 1354,12 1350,24 1345,6 1339,48 1330,84 1323,12 1320 1320 1320 1318 1311,2 1299,2 1273,16 1264,24 1313,8 1335,48 1328,6 1312,24 1288,6 1277,08 1280,16 1301,52 1322,48 1312,72 1296,16 1285,52 1267,16 1258,72 1244,52 1227,52 1209,96 1199,72 1192,44
1321,2 1326,12 1327,8 1332 1336,12 1340,16 1348,32 1358,68 1374,44 1384,92 1391,32 1405,64 1419,32 1431,04 1452,56 1479,28 1491,36 1493,12 1493,88 1490,36 1483,84 1482,32 1470,64 1457,36 1433,04 1422,36 1415,88 1409,4 1396,32 1383,72 1380,36 1373,56 1365,2 1357,48 1354,44 1350,64 1350,68 1352,12 1352,16 1349,84 1346,28 1341,52 1333,72 1325,32 1320,2 1320 1319,6 1317,72 1313,04 1307,84 1302,24 1277,84 1271,48 1300,16 1298,68 1291,8 1281,04 1281,8 1298,48 1323,92 1338,04 1337,44 1331,4 1323,6 1309,52 1294,48 1263,8 1246,88 1224,16 1211,64 1202,24
1326,32 1334,4 1336,92 1343,68 1347,96 1350,2 1355,36 1364,84 1377,52 1389,04 1400,24 1420,04 1431,08 1440,72 1458,88 1482,28 1504,8 1515,92 1518,2 1513,92 1507,44 1507,28 1498,32 1501,32 1485,32 1461,2 1442,48 1430,52 1419,68 1406,16 1391,96 1381,84 1372,24 1364,8 1361,72 1356,96 1352,32 1352 1351,6 1349,56 1346,32 1341,6 1335,48 1329,32 1323,6 1321,2 1320,12 1318,72 1316 1312,72 1308,16 1296,24 1270,32 1266,24 1275,36 1282,92 1284,12 1289,56 1312,32 1341,08 1361,64 1372,44 1378,28 1369,12 1361,88 1353,48 1313,32 1278,64 1239,96 1224,2 1211,96
1346,32 1353,8 1354,84 1360,6 1362,76 1361,64 1361,2 1370,28 1378,68 1389,88 1403,56 1418,12 1431,96 1445,28 1462,72 1488,36 1516,64 1524,8 1518,76 1517,96 1520,68 1518,92 1516,08 1519,36 1518,44 1496,44 1475 1450,72 1434,36 1415,48 1396,52 1384,64 1375,4 1367,72 1362,68 1358,56 1354,52 1352,76 1352,12 1350,28 1347,44 1343,68 1339,36 1335,24 1330,76 1328,32 1324,44 1321,44 1318,52 1313,16 1308,64 1301,44 1280,36 1262,92 1272,68 1283,2 1291,92 1302,96 1335,24 1366,96 1385,84 1393,72 1398,32 1397,84 1395,08 1389,08 1354,52 1314,76 1268,4 1243 1227,68
1367,6 1381 1383,44 1383,28 1379,2 1380,56 1379,92 1383,96 1386,12 1393,56 1402,88 1416,12 1429,2 1443,56 1462,8 1486,12 1504,76 1508,92 1505,76 1508,76 1515,48 1521,72 1522,64 1522,16 1520,2 1512,04 1496,16 1468,2 1442,16 1419,16 1398,36 1385,04 1376,32 1368,36 1361,24 1357,8 1355,8 1354,44 1353,6 1351,72 1349,2 1345,84 1342,4 1339,52 1336,96 1335,92 1329,84 1322,56 1317,2 1311,64 1306,12 1300,6 1288,04 1277,24 1266,56 1281,52 1302,88 1326,2 1361,44 1386,48 1401 1407,24 1411,72 1415,36 1413,84 1409,28 1382,76 1347,28 1300,92 1265,48 1242,24
1378,52 1396,12 1406,68 1406,28 1396 1396,8 1394,72 1392,8 1392,36 1395,44 1401,88 1411,84 1424,52 1440,44 1457,12 1472,68 1482,08 1489,28 1491,72 1495,56 1501,8 1512,28 1520,52 1522,36 1519,84 1501,88 1489,56 1463,04 1438,52 1410,96 1392,4 1382,12 1376,6 1370,2 1363,08 1358,84 1357,44 1356,4 1355,92 1354,24 1351,88 1348,28 1344,32 1341,04 1339,84 1340,2 1334,48 1323,2 1316,08 1311,2 1305,68 1303,28 1302,24 1298 1284,24 1275,16 1308,6 1348,36 1382,24 1396,52 1407,68 1415,96 1420,8 1426 1427,8 1422,84 1410,48 1373,4 1332,28 1299,72 1258,8
1392,2 1404,8 1414,48 1420,96 1415,52 1404,44 1400,2 1396,44 1394,16 1395,36 1398,72 1406,36 1419,76 1433,24 1443,2 1454,96 1464,64 1474,88 1479,4 1484,48 1489,4 1496,12 1504,48 1505,24 1500,6 1481,48 1469 1449,04 1429,8 1406,44 1390,44 1381,56 1379,16 1374 1368,56 1362,88 1360,04 1358,72 1358,96 1357,16 1354,6 1350,08 1345 1341,16 1339,52 1337,88 1332,48 1322,28 1318,44 1316,04 1311,96 1314,16 1319,72 1327,44 1325,96 1295,48 1287,44 1339,68 1386,8 1402,96 1412,72 1419,4 1426,76 1434,04 1436,44 1432,24 1422,48 1387,24 1342,76 1315,72 1277,6
1388,64 1402,44 1409 1411,6 1412,04 1398,76 1394,48 1392 1391,84 1393,2 1395,56 1400,76 1411,92 1423,88 1432,32 1439,88 1452,92 1463,4 1468,48 1473,64 1477,48 1484,4 1488,36 1482,92 1478,16 1469 1454,72 1437,96 1420 1400,16 1393,52 1388 1381,56 1378,76 1375,84 1369,24 1363,88 1361,16 1361,76 1360,2 1358,28 1352,04 1345,28 1341,04 1338,88 1336,64 1332,76 1329,64 1330,76 1334,4 1326,92 1334,92 1346,08 1350,68 1348,56 1325,68 1302,4 1301,12 1389,4 1411,64 1418,08 1422,76 1430,12 1436,08 1438,24 1435,56 1424,2 1398,92 1353,72 1328,88 1308
1370,64 1382,08 1389,88 1385,88 1385,16 1380,32 1380,88 1383 1387,4 1390,56 1393,84 1398,36 1406,68 1420,08 1427,96 1435,92 1444,24 1452,44 1455,84 1459,4 1461,64 1468,92 1475,28 1474,36 1469,68 1462,2 1447,88 1430,32 1413,72 1404,96 1402,04 1397,48 1388,44 1383,24 1379,52 1373,36 1368,76 1366,08 1365,48 1362,52 1359,24 1352,36 1344,8 1339,92 1338,64 1337,36 1336,76 1338,92 1343,84 1348,08 1347,2 1352,28 1360,6 1364 1361,28 1351,72 1338,84 1304,68 1344,76 1411,64 1422,76 1427,32 1431,88 1435,52 1436,2 1432,08 1418,44 1387,36 1347,44 1334,96 1325,12
1331,88 1350,84 1367,16 1365,52 1364,32 1365,08 1371,2 1376,84 1383,16 1388,24 1392,32 1397,28 1403,96 1416,28 1423,68 1430,56 1437,28 1442,72 1441,64 1445,08 1448,16 1453,64 1459,2 1462,92 1462,76 1455,44 1444,48 1430,64 1420,08 1419,24 1413 1405,24 1396,2 1388,68 1382,64 1377,12 1373,64 1371,68 1371 1367 1360,8 1353,28 1346,16 1340,6 1340,04 1339,64 1342,2 1347,08 1351,88 1355,68 1357,84 1361,6 1366,88 1372,24 1371,84 1370,72 1366,72 1330,04 1311,56 1383,08 1408,28 1421,32 1425,4 1428,84 1430,08 1425,44 1402,56 1368 1343,12 1337,36 1332,28
1315 1334 1347,12 1350,44 1349,88 1354,04 1364,88 1373 1380,56 1385,68 1389,88 1393,48 1398,56 1407,04 1413,88 1420 1425,32 1430,36 1431,32 1434,96 1437,44 1440,68 1442,12 1447,32 1450,28 1445,56 1440,28 1435,12 1430,68 1428,96 1418,88 1409,2 1398,44 1393,84 1388,56 1382,6 1379,8 1378,56 1378,92 1374,24 1365,52 1356,44 1350,84 1346,72 1345,68 1346,08 1349,88 1354,52 1358,04 1359,88 1363,04 1368,6 1376,64 1379,48 1378,16 1380,96 1384,28 1357,08 1321,36 1338,92 1364,72 1386,2 1394,92 1409,4 1414 1402,16 1371,4 1348,6 1338,6 1338,84 1344,76
1302,4 1321,8 1333,8 1339,48 1338,76 1341,68 1355,84 1366,92 1376,72 1382,96 1386,88 1389,72 1393,68 1399,48 1402,8 1407,84 1412,92 1418,84 1423,2 1427,88 1430,68 1433,48 1435,2 1438,44 1440,6 1439,32 1438,96 1440,44 1440,76 1440,6 1430,76 1420,6 1407,76 1402,56 1399,28 1395,68 1392,64 1389,52 1387,72 1382,52 1373,48 1360,44 1355,36 1352,92 1353,24 1354,92 1357,44 1360,4 1361,64 1362,88 1365,84 1370,6 1377,52 1381,6 1383,04 1391,32 1400,04 1391,68 1354,56 1322,48 1330,04 1346,04 1354,88 1372,08 1375,72 1372,48 1356,24 1341,44 1337,8 1338,56 1356,04
1288,28 1305,36 1318,64 1326,28 1331,48 1335,16 1345,84 1357,8 1368,12 1375,08 1381,04 1383,92 1385,72 1388,48 1391,08 1395,24 1401,56 1409,76 1415,8 1422,48 1426,52 1430,28 1433,56 1436,36 1437,68 1438,64 1441,44 1447,12 1449,24 1448,8 1441,84 1431,08 1417,4 1411,08 1408,32 1407,16 1405,44 1400,88 1394,84 1386,6 1376,68 1362,4 1359,64 1358 1358,04 1359,84 1360,6 1361,72 1362,04 1362,84 1364,8 1367,88 1374,32 1383,36 1393,24 1403,2 1410,04 1401,16 1366,52 1324,36 1318,04 1325,6 1333,8 1344,36 1347,68 1349,68 1343,16 1337 1336,44 1338,84 1347,04
1272,4 1278,88 1289,24 1307,32 1322,6 1329,64 1338,64 1348,48 1357,36 1363,6 1371,48 1373,52 1375,96 1377,36 1380,72 1385,56 1393,28 1402,24 1409,84 1417,28 1422,92 1428,92 1433,72 1437,4 1439,28 1441,76 1451,76 1457,92 1458,96 1457,96 1451,96 1443,64 1429,56 1419,96 1417 1417,4 1415,96 1408,28 1397,8 1388,24 1378,2 1368,32 1363,48 1360,04 1359,88 1360,56 1361 1361,12 1360,56 1360,96 1361,88 1362,4 1365,88 1380,96 1399,68 1411,68 1416,2 1402,8 1367,8 1331,2 1318,04 1318,56 1321,88 1328,04 1331,4 1334,76 1334,08 1334 1335,68 1338,96 1342,72
1260,64 1265,4 1273,32 1287,8 1302,68 1318,12 1331,4 1339,48 1348,36 1352 1357,6 1358,92 1363,08 1366,52 1371,32 1377,08 1384,88 1394,84 1403,92 1413,56 1421,68 1428,96 1436,28 1442,28 1447,56 1455,24 1465,68 1470,08 1471,16 1469,8 1464,04 1456,32 1444,08 1434,24 1427 1425,64 1424 1415,96 1401,56 1393,44 1385,48 1374,72 1368,08 1363,52 1361,88 1361,04 1360,56 1358,68 1356,04 1355,12 1355,92 1355,84 1358,2 1374,8 1396,76 1403,64 1407,8 1390,2 1353,96 1328,96 1319,72 1319,12 1319,12 1321,16 1323,32 1326,84 1328,6 1331,12 1334,32 1338,56 1341,36
1250,64 1255,32 1262,6 1273,92 1284,8 1299,92 1319,68 1329,16 1340,2 1337,52 1341,72 1342,48 1349,64 1356,2 1362,76 1368,2 1377,4 1387,76 1398,84 1409,04 1418,68 1427,96 1438,4 1448,12 1456,72 1465,92 1477,16 1482,08 1483,88 1481,8 1475,56 1466,92 1456 1444,6 1436,88 1434,6 1430,32 1422,92 1410,36 1401,28 1391,76 1379,24 1372,32 1367,6 1365,28 1361,8 1357,72 1353,16 1348,64 1347 1347,8 1348,2 1351,2 1359,24 1377,56 1382,48 1385,56 1367,44 1341,56 1328 1321,72 1320,12 1319,88 1319,52 1320,24 1322,8 1325,36 1328,76 1332,4 1336,76 1339,36
1242,88 1248,6 1253,56 1261,04 1267,92 1277,92 1290,92 1305,44 1321,44 1317,16 1318,88 1324 1337 1343,64 1353,2 1361,12 1368,92 1380,24 1392,68 1403,48 1414,04 1427,2 1443,24 1456,28 1467,36 1477,28 1489,36 1496,44 1495,76 1488,2 1481,08 1471,4 1461,44 1455,08 1449,4 1446,44 1438,36 1431 1421,12 1409,72 1397,36 1384,2 1377,92 1373,84 1371,76 1366,32 1357,04 1349,92 1343,48 1342,32 1342,56 1343,4 1346,12 1350,6 1358,16 1359,8 1357,64 1345,52 1333,84 1326,4 1322,48 1320,6 1320 1320 1320 1321,2 1323,4 1326,76 1330,08 1333,92 1337,12
1238,52 1243,96 1247,48 1252,16 1256,72 1264,6 1272,56 1282,2 1294,32 1297,24 1302,92 1315,88 1325,88 1334,76 1344 1352,36 1358,4 1371,68 1386,72 1397,36 1410 1425,16 1442,36 1460,4 1474,8 1485,48 1499,04 1502,4 1498,84 1487,84 1478,92 1470,32 1462,68 1460,28 1459,44 1457,96 1446,28 1435,48 1423,84 1413,36 1402,48 1393,92 1388,6 1384,6 1383,36 1380,2 1368,36 1353,6 1344,64 1342 1341,96 1341,76 1342,32 1344,04 1347,04 1346,76 1342,88 1336,64 1332 1327,08 1323,64 1321,32 1320 1320 1320 1320,68 1322,28 1325,16 1328,2 1332,2 1336,24
1235,24 1239,72 1241,76 1244,52 1246,6 1251,92 1258,52 1267,6 1279,68 1288 1297,32 1305,48 1317,96 1328,12 1338,64 1345,48 1355,2 1369 1385,28 1399,76 1414,24 1429,6 1446,6 1464,88 1478,84 1492,76 1501,84 1501,44 1494,36 1483,56 1475,68 1468,28 1461,72 1459,4 1458,8 1455,32 1446,56 1435,52 1422,28 1415,6 1410,68 1406,68 1404,72 1403,76 1403,44 1395,48 1390,08 1368,8 1350,96 1342,88 1341,68 1340,56 1340,08 1339,96 1341,32 1340,8 1338,04 1334,52 1331,36 1328,44 1325,68 1322,24 1320,2 1320,08 1320 1320,04 1320,76 1322,64 1325,28 1329,52 1334,32
1231,44 1235 1236,32 1238,28 1238,24 1241,76 1248,6 1256,28 1267,12 1279,24 1287,64 1297,72 1310,72 1322,6 1335,16 1345,16 1355,56 1369,24 1385,6 1402,48 1417,52 1433,56 1451,12 1467,88 1481,84 1491,48 1496,04 1495,64 1488,2 1480,44 1475,8 1467,68 1460,24 1457,56 1454,64 1448,44 1441,24 1432,56 1422,24 1421,36 1420,84 1422,12 1427,04 1426,92 1423,08 1415,8 1408,88 1390,68 1365,88 1349,12 1344,08 1341,76 1339,8 1339,04 1339,2 1338,52 1336,56 1334,44 1332,36 1330,72 1328,64 1326,56 1325 1324,04 1322,76 1320,52 1320 1320,64 1322,84 1327,64 1333,24
1226,88 1230,36 1231 1232,52 1233,4 1236,92 1242,24 1248,88 1256,84 1269,04 1279,36 1287,6 1304,36 1318,52 1334,64 1349,28 1361,4 1376,6 1392,48 1408,16 1423,76 1439,28 1454,56 1470,48 1482,92 1489,4 1491,72 1491,4 1486,88 1482,04 1478,84 1470,32 1462,4 1458,04 1453,28 1445,92 1439,44 1436,16 1433,92 1435,48 1436,12 1440,36 1445,56 1445,72 1439,56 1429,04 1421,8 1408,68 1388,28 1361,28 1351,84 1347,92 1343,72 1340,6 1338,4 1336,8 1336,08 1335,68 1334,4 1334,04 1333,16 1332,96 1332,72 1332,28 1330,08 1325,4 1321,68 1320 1320,76 1325,92 1332,28
1222,44 1225,44 1225,76 1226,88 1229,2 1235 1239,48 1244,88 1252,16 1259,68 1269,56 1279,12 1293,8 1309,56 1330,68 1352,56 1369,88 1383,8 1397,4 1411,96 1426,84 1442,32 1458,72 1471,84 1481,88 1486,96 1488,44 1488,56 1486,36 1483,68 1478,56 1469,32 1462,76 1459,44 1454,48 1447,84 1442,08 1441,04 1442,48 1444,88 1447,28 1452,12 1456,88 1458,96 1450,76 1438,4 1433,8 1431,52 1423,04 1393,48 1373,88 1363,8 1355,68 1346 1338,72 1336,2 1336 1336,24 1336,52 1336,88 1336,84 1337,8 1339,32 1340,2 1337,88 1333,6 1329,76 1324,64 1323,4 1327,28 1333,4
1211,08 1213,92 1216,28 1219,96 1224 1234,8 1240,48 1244,72 1250,4 1256,92 1264,16 1272,04 1284,12 1303,8 1336,84 1358,88 1373,68 1387,16 1401,64 1415,52 1428,28 1441,24 1457,48 1469,4 1477,68 1482,12 1483,44 1485 1483,84 1481,16 1473,24 1465,48 1461,88 1460,52 1457,96 1450,04 1445,2 1444,44 1446,12 1448,88 1451,96 1457,48 1460,88 1460,56 1458,08 1452,56 1446,76 1445,24 1438,76 1420,96 1406,92 1387,84 1374,52 1355,4 1342,76 1336,48 1336 1336,56 1338,4 1339,16 1338,76 1339,6 1340,88 1342,16 1341,8 1340,24 1337,72 1334,08 1331,68 1332,24 1335,84
1197,8 1199,8 1206,36 1215,08 1222,4 1233,56 1240,96 1244,48 1248,76 1254,08 1259,08 1265,44 1274,92 1290,6 1324,68 1350,08 1366,2 1379,92 1397,24 1414,04 1428,56 1442,04 1452,92 1461,76 1466,56 1471,68 1473,8 1476,28 1472,6 1467,36 1459,92 1457,72 1456,72 1455,52 1452,96 1447,48 1444,96 1445,72 1448,44 1450,96 1452,88 1457,8 1461,52 1466,96 1470,4 1469,28 1461,6 1452,8 1442,56 1434,24 1428 1422,64 1404,32 1371,16 1350,08 1337,64 1336 1336,52 1340,36 1340,36 1340 1340 1340,88 1342,6 1342,96 1342,44 1341,6 1340,24 1338,4 1337,12 1338,16
1191,88 1197,4 1203,76 1210,28 1216,84 1226,16 1235,2 1242,64 1246,8 1251,04 1255,24 1260,68 1268,56 1280,88 1304,8 1333,88 1358,96 1373,92 1389,8 1406,08 1422,16 1435,4 1443,88 1447,8 1451,52 1457,6 1460,28 1463,24 1458,6 1455,36 1452,16 1451,2 1450,04 1448 1445,24 1442,44 1441,84 1445,92 1451,48 1454,2 1455,24 1461,4 1467,88 1475,4 1481,2 1478,16 1463,72 1452,04 1441,52 1439,36 1440 1441,12 1420,48 1380,52 1355,44 1340,8 1336,84 1338,2 1340,88 1341,2 1340,4 1339,6 1340,4 1342,6 1343,2 1343,4 1342,92 1342,4 1341,68 1340,4 1339,88
1188,12 1193,6 1199,96 1204,76 1210,24 1218,56 1228,48 1237,64 1242,36 1246,76 1250,4 1255 1261,88 1271,92 1289,36 1316,2 1350,48 1367,56 1383,56 1397,84 1409,04 1417,32 1426,84 1431,12 1436,36 1443,32 1446,16 1448,4 1445,08 1445,56 1445,36 1445,72 1444,4 1442,6 1440,04 1439,32 1440,2 1448,2 1456,8 1460 1460,96 1464,8 1470,44 1476,56 1480,36 1476,08 1459,28 1445,52 1436,16 1439,24 1441 1433 1395,48 1369,84 1352,72 1343,84 1340,6 1340,44 1341,84 1343,28 1342,84 1342,08 1342,2 1344,28 1344,8 1344,96 1344,8 1344,8 1344,16 1342,96 1341,88
1182,44 1186,44 1192,56 1198,92 1203,48 1211,88 1222,24 1231,24 1236,72 1242,6 1245,36 1249,68 1256,52 1266,36 1281,48 1300,68 1329,4 1351 1374,32 1385,16 1391,76 1391,32 1399,92 1410,04 1419,04 1427,16 1430,84 1434,04 1433,24 1435,76 1438,36 1440,88 1440,4 1439,68 1439 1440,52 1446,2 1455,8 1461,36 1462,12 1463,24 1465,6 1469,04 1470,48 1468,28 1458,64 1441,56 1425,28 1410,32 1411,44 1406,12 1395,6 1371,08 1360,32 1351,92 1347,28 1344,92 1344,56 1345,64 1347,4 1347,68 1347,84 1347,16 1348,04 1347,56 1347,24 1347 1347,28 1347,04 1346,24 1345,24
1178,32 1180,56 1185,44 1190,6 1194,64 1200,08 1210,96 1222,28 1227,88 1235,44 1238,44 1243,16 1250,2 1258,96 1271,88 1287,12 1306,24 1324,48 1347,44 1360,2 1364,96 1359,6 1370,48 1385,48 1402,4 1411,84 1417,32 1421,84 1423,28 1425,36 1427,28 1434,32 1438,28 1439,6 1439,8 1444,84 1452,8 1459,92 1461,88 1462 1461,8 1460,64 1460,68 1454,68 1441,68 1424,24 1401,8 1386,64 1373,44 1371,44 1369,88 1367,24 1358,12 1354 1352,04 1350,44 1349,04 1349,6 1350,88 1352,84 1354 1354,52 1352,96 1352,32 1351,24 1350,48 1350,04 1350,16 1350,44 1350,64 1350,64
1177,48 1178,88 1180,24 1184,16 1189,2 1195 1203,72 1212,76 1217,56 1223,4 1228,8 1237,4 1245,12 1252 1261,12 1273,52 1287,12 1301,16 1314,76 1323,56 1333,48 1338,32 1350,96 1366,84 1382,16 1396,84 1406,44 1411,88 1416,64 1418,96 1421,16 1431 1438,12 1441,44 1445,12 1451,88 1458,68 1460,6 1461,28 1460,48 1459,28 1452,16 1441,36 1425 1408,36 1386,24 1371,36 1360,72 1360,16 1359,88 1360,24 1359,08 1354,56 1352,92 1354,28 1354,44 1353,84 1354,28 1356,56 1358,84 1361,12 1361,36 1358,76 1357,76 1355,76 1354,64 1353,24 1353,24 1353,84 1354,88 1356,32
1178,2 1178 1178,56 1180,88 1184,8 1190,8 1197,32 1204,68 1209,84 1214,96 1220,44 1230,68 1239,68 1245,64 1252,92 1261,6 1273,2 1285,32 1298,72 1308,6 1319,84 1326,84 1341,92 1351,88 1362,96 1382,92 1396,52 1403,36 1416,32 1421,76 1427,44 1433,92 1440,2 1443,76 1448,2 1454,8 1460,08 1459,08 1457,72 1455,92 1455,04 1449,8 1433,52 1405,04 1380 1364,88 1357,16 1351,72 1352,8 1352,96 1351,52 1350,68 1349,76 1352,36 1356,12 1357,52 1357,88 1359,8 1363,88 1367,32 1369,44 1369,48 1366,52 1365,56 1362,88 1360,88 1357,48 1356,4 1357,2 1358,12 1359,96
1180,08 1179,32 1179,32 1179,96 1183 1189,28 1196,08 1201,72 1205,44 1210,6 1215,6 1222,88 1229,84 1237,08 1244,12 1251,84 1260,68 1271,08 1283,16 1293,28 1303,28 1313,88 1329,92 1337,04 1342,76 1367,72 1392,72 1405,24 1419,12 1428,64 1438,08 1439,76 1442,2 1445,32 1449,08 1453,16 1455 1452,96 1449,08 1446,6 1449,32 1448,72 1437,12 1402,4 1369,04 1354,4 1348 1344,6 1342,76 1343,76 1343,84 1343,64 1343,92 1351,36 1358,52 1362,68 1366,4 1369,52 1372,84 1376,08 1379,08 1377,04 1374,12 1374,16 1373,04 1370,92 1363,2 1359,84 1360,84 1360,6 1362,08
1184,72 1184 1182,48 1182,56 1184,6 1189,56 1195,36 1199,92 1202,32 1206,6 1211 1216,4 1221,96 1229,04 1236,84 1244,56 1251,36 1259,92 1269,92 1279 1291,44 1300,68 1311,2 1319,36 1339,88 1367,16 1397,8 1410,68 1419,84 1429,76 1438,68 1441,2 1441,72 1444,2 1446,72 1449,52 1449,84 1447,48 1441,28 1438,08 1439,32 1438,76 1423,24 1380,56 1358,36 1344,48 1339,48 1338,48 1338 1338,04 1339,44 1339,8 1340,96 1351,68 1361,6 1369,52 1377,04 1379,16 1382,68 1384,04 1384 1380,52 1380,88 1383,36 1384,16 1382,6 1372,72 1367,96 1366 1365,72 1366
