data/100m/tregrense.asc
ncols         480
nrows         500
xllcorner     57000
yllcorner     6698000
cellsize      100
NODATA_value  -9999
[rows 196 to 223 of 500, columns 252 to 314 of 480]
950,9312 950,9312 950,9312 950,9312 950,9312 950,9312 950,9312 950,9312 959,6864 959,6864 959,6864 959,6864 959,6864 959,6864 959,6864 959,6864 959,6864 959,6864 963,2073 963,2073 963,2073 963,2073 963,2073 963,2073 963,2073 963,2073 963,2073 963,2073 966,7281 966,7281 966,7281 966,7281 966,7281 966,7281 966,7281 966,7281 966,7281 966,7281 970,249 970,249 970,249 970,249 970,249 970,249 970,249 970,249 970,249 970,249 973,7699 973,7699 973,7699 973,7699 973,7699 973,7699 973,7699 973,7699 973,7699 973,7699 977,2908 977,2908 977,2908 977,2908 977,2908
950,9312 950,9312 950,9312 950,9312 950,9312 950,9312 950,9312 950,9312 959,6864 959,6864 959,6864 959,6864 959,6864 959,6864 959,6864 959,6864 959,6864 959,6864 963,2073 963,2073 963,2073 963,2073 963,2073 963,2073 963,2073 963,2073 963,2073 963,2073 966,7281 966,7281 966,7281 966,7281 966,7281 966,7281 966,7281 966,7281 966,7281 966,7281 970,249 970,249 970,249 970,249 970,249 970,249 970,249 970,249 970,249 970,249 973,7699 973,7699 973,7699 973,7699 973,7699 973,7699 973,7699 973,7699 973,7699 973,7699 977,2908 977,2908 977,2908 977,2908 977,2908
950,9312 950,9312 950,9312 950,9312 950,9312 950,9312 950,9312 950,9312 959,6864 959,6864 959,6864 959,6864 959,6864 959,6864 959,6864 959,6864 959,6864 959,6864 963,2073 963,2073 963,2073 963,2073 963,2073 963,2073 963,2073 963,2073 963,2073 963,2073 966,7281 966,7281 966,7281 966,7281 966,7281 966,7281 966,7281 966,7281 966,7281 966,7281 970,249 970,249 970,249 970,249 970,249 970,249 970,249 970,249 970,249 970,249 973,7699 973,7699 973,7699 973,7699 973,7699 973,7699 973,7699 973,7699 973,7699 973,7699 977,2908 977,2908 977,2908 977,2908 977,2908
950,9312 950,9312 950,9312 950,9312 950,9312 950,9312 950,9312 950,9312 959,6864 959,6864 959,6864 959,6864 959,6864 959,6864 959,6864 959,6864 959,6864 959,6864 963,2073 963,2073 963,2073 963,2073 963,2073 963,2073 963,2073 963,2073 963,2073 963,2073 966,7281 966,7281 966,7281 966,7281 966,7281 966,7281 966,7281 966,7281 966,7281 966,7281 970,249 970,249 970,249 970,249 970,249 970,249 970,249 970,249 970,249 970,249 973,7699 973,7699 973,7699 973,7699 973,7699 973,7699 973,7699 973,7699 973,7699 973,7699 977,2908 977,2908 977,2908 977,2908 977,2908
945,1694 945,1694 945,1694 945,1694 945,1694 945,1694 945,1694 945,1694 959,0558 959,0558 959,0558 959,0558 959,0558 959,0558 959,0558 959,0558 959,0558 959,0558 962,5767 962,5767 962,5767 962,5767 962,5767 962,5767 962,5767 962,5767 962,5767 962,5767 966,0975 966,0975 966,0975 966,0975 966,0975 966,0975 966,0975 966,0975 966,0975 966,0975 969,6184 969,6184 969,6184 969,6184 969,6184 969,6184 969,6184 969,6184 969,6184 969,6184 973,1393 973,1393 973,1393 973,1393 973,1393 973,1393 973,1393 973,1393 973,1393 973,1393 976,6602 976,6602 976,6602 976,6602 976,6602
945,1694 945,1694 945,1694 945,1694 945,1694 945,1694 945,1694 945,1694 959,0558 959,0558 959,0558 959,0558 959,0558 959,0558 959,0558 959,0558 959,0558 959,0558 962,5767 962,5767 962,5767 962,5767 962,5767 962,5767 962,5767 962,5767 962,5767 962,5767 966,0975 966,0975 966,0975 966,0975 966,0975 966,0975 966,0975 966,0975 966,0975 966,0975 969,6184 969,6184 969,6184 969,6184 969,6184 969,6184 969,6184 969,6184 969,6184 969,6184 973,1393 973,1393 973,1393 973,1393 973,1393 973,1393 973,1393 973,1393 973,1393 973,1393 976,6602 976,6602 976,6602 976,6602 976,6602
945,1694 945,1694 945,1694 945,1694 945,1694 945,1694 945,1694 945,1694 959,0558 959,0558 959,0558 959,0558 959,0558 959,0558 959,0558 959,0558 959,0558 959,0558 962,5767 962,5767 962,5767 962,5767 962,5767 962,5767 962,5767 962,5767 962,5767 962,5767 966,0975 966,0975 966,0975 966,0975 966,0975 966,0975 966,0975 966,0975 966,0975 966,0975 969,6184 969,6184 969,6184 969,6184 969,6184 969,6184 969,6184 969,6184 969,6184 969,6184 973,1393 973,1393 973,1393 973,1393 973,1393 973,1393 973,1393 973,1393 973,1393 973,1393 976,6602 976,6602 976,6602 976,6602 976,6602
945,1694 945,1694 945,1694 945,1694 945,1694 945,1694 945,1694 945,1694 959,0558 959,0558 959,0558 959,0558 959,0558 959,0558 959,0558 959,0558 959,0558 959,0558 962,5767 962,5767 962,5767 962,5767 962,5767 962,5767 962,5767 962,5767 962,5767 962,5767 966,0975 966,0975 966,0975 966,0975 966,0975 966,0975 966,0975 966,0975 966,0975 966,0975 969,6184 969,6184 969,6184 969,6184 969,6184 969,6184 969,6184 969,6184 969,6184 969,6184 973,1393 973,1393 973,1393 973,1393 973,1393 973,1393 973,1393 973,1393 973,1393 973,1393 976,6602 976,6602 976,6602 976,6602 976,6602
945,1694 945,1694 945,1694 945,1694 945,1694 945,1694 945,1694 945,1694 959,0558 959,0558 959,0558 959,0558 959,0558 959,0558 959,0558 959,0558 959,0558 959,0558 962,5767 962,5767 962,5767 962,5767 962,5767 962,5767 962,5767 962,5767 962,5767 962,5767 966,0975 966,0975 966,0975 966,0975 966,0975 966,0975 966,0975 966,0975 966,0975 966,0975 969,6184 969,6184 969,6184 969,6184 969,6184 969,6184 969,6184 969,6184 969,6184 969,6184 973,1393 973,1393 973,1393 973,1393 973,1393 973,1393 973,1393 973,1393 973,1393 973,1393 976,6602 976,6602 976,6602 976,6602 976,6602
945,1694 945,1694 945,1694 945,1694 945,1694 945,1694 945,1694 945,1694 959,0558 959,0558 959,0558 959,0558 959,0558 959,0558 959,0558 959,0558 959,0558 959,0558 962,5767 962,5767 962,5767 962,5767 962,5767 962,5767 962,5767 962,5767 962,5767 962,5767 966,0975 966,0975 966,0975 966,0975 966,0975 966,0975 966,0975 966,0975 966,0975 966,0975 969,6184 969,6184 969,6184 969,6184 969,6184 969,6184 969,6184 969,6184 969,6184 969,6184 973,1393 973,1393 973,1393 973,1393 973,1393 973,1393 973,1393 973,1393 973,1393 973,1393 976,6602 976,6602 976,6602 976,6602 976,6602
945,1694 945,1694 945,1694 945,1694 945,1694 945,1694 945,1694 945,1694 959,0558 959,0558 959,0558 959,0558 959,0558 959,0558 959,0558 959,0558 959,0558 959,0558 962,5767 962,5767 962,5767 962,5767 962,5767 962,5767 962,5767 962,5767 962,5767 962,5767 966,0975 966,0975 966,0975 966,0975 966,0975 966,0975 966,0975 966,0975 966,0975 966,0975 969,6184 969,6184 969,6184 969,6184 969,6184 969,6184 969,6184 969,6184 969,6184 969,6184 973,1393 973,1393 973,1393 973,1393 973,1393 973,1393 973,1393 973,1393 973,1393 973,1393 976,6602 976,6602 976,6602 976,6602 976,6602
945,1694 945,1694 945,1694 945,1694 945,1694 945,1694 945,1694 945,1694 959,0558 959,0558 959,0558 959,0558 959,0558 959,0558 959,0558 959,0558 959,0558 959,0558 962,5767 962,5767 962,5767 962,5767 962,5767 962,5767 962,5767 962,5767 962,5767 962,5767 966,0975 966,0975 966,0975 966,0975 966,0975 966,0975 966,0975 966,0975 966,0975 966,0975 969,6184 969,6184 969,6184 969,6184 969,6184 969,6184 969,6184 969,6184 969,6184 969,6184 973,1393 973,1393 973,1393 973,1393 973,1393 973,1393 973,1393 973,1393 973,1393 973,1393 976,6602 976,6602 976,6602 976,6602 976,6602
945,1694 945,1694 945,1694 945,1694 945,1694 945,1694 945,1694 945,1694 959,0558 959,0558 959,0558 959,0558 959,0558 959,0558 959,0558 959,0558 959,0558 959,0558 962,5767 962,5767 962,5767 962,5767 962,5767 962,5767 962,5767 962,5767 962,5767 962,5767 966,0975 966,0975 966,0975 966,0975 966,0975 966,0975 966,0975 966,0975 966,0975 966,0975 969,6184 969,6184 969,6184 969,6184 969,6184 969,6184 969,6184 969,6184 969,6184 969,6184 973,1393 973,1393 973,1393 973,1393 973,1393 973,1393 973,1393 973,1393 973,1393 973,1393 976,6602 976,6602 976,6602 976,6602 976,6602
945,1694 945,1694 945,1694 945,1694 945,1694 945,1694 945,1694 945,1694 959,0558 959,0558 959,0558 959,0558 959,0558 959,0558 959,0558 959,0558 959,0558 959,0558 962,5767 962,5767 962,5767 962,5767 962,5767 962,5767 962,5767 962,5767 962,5767 962,5767 966,0975 966,0975 966,0975 966,0975 966,0975 966,0975 966,0975 966,0975 966,0975 966,0975 969,6184 969,6184 969,6184 969,6184 969,6184 969,6184 969,6184 969,6184 969,6184 969,6184 973,1393 973,1393 973,1393 973,1393 973,1393 973,1393 973,1393 973,1393 973,1393 973,1393 976,6602 976,6602 976,6602 976,6602 976,6602
939,4077 939,4077 939,4077 939,4077 939,4077 939,4077 939,4077 939,4077 958,4252 958,4252 958,4252 958,4252 958,4252 958,4252 958,4252 958,4252 958,4252 958,4252 961,946 961,946 961,946 961,946 961,946 961,946 961,946 961,946 961,946 961,946 965,4669 965,4669 965,4669 965,4669 965,4669 965,4669 965,4669 965,4669 965,4669 965,4669 968,9878 968,9878 968,9878 968,9878 968,9878 968,9878 968,9878 968,9878 968,9878 968,9878 972,5087 972,5087 972,5087 972,5087 972,5087 972,5087 972,5087 972,5087 972,5087 972,5087 976,0295 976,0295 976,0295 976,0295 976,0295
939,4077 939,4077 939,4077 939,4077 939,4077 939,4077 939,4077 939,4077 958,4252 958,4252 958,4252 958,4252 958,4252 958,4252 958,4252 958,4252 958,4252 958,4252 961,946 961,946 961,946 961,946 961,946 961,946 961,946 961,946 961,946 961,946 965,4669 965,4669 965,4669 965,4669 965,4669 965,4669 965,4669 965,4669 965,4669 965,4669 968,9878 968,9878 968,9878 968,9878 968,9878 968,9878 968,9878 968,9878 968,9878 968,9878 972,5087 972,5087 972,5087 972,5087 972,5087 972,5087 972,5087 972,5087 972,5087 972,5087 976,0295 976,0295 976,0295 976,0295 976,0295
939,4077 939,4077 939,4077 939,4077 939,4077 939,4077 939,4077 939,4077 958,4252 958,4252 958,4252 958,4252 958,4252 958,4252 958,4252 958,4252 958,4252 958,4252 961,946 961,946 961,946 961,946 961,946 961,946 961,946 961,946 961,946 961,946 965,4669 965,4669 965,4669 965,4669 965,4669 965,4669 965,4669 965,4669 965,4669 965,4669 968,9878 968,9878 968,9878 968,9878 968,9878 968,9878 968,9878 968,9878 968,9878 968,9878 972,5087 972,5087 972,5087 972,5087 972,5087 972,5087 972,5087 972,5087 972,5087 972,5087 976,0295 976,0295 976,0295 976,0295 976,0295
939,4077 939,4077 939,4077 939,4077 939,4077 939,4077 939,4077 939,4077 958,4252 958,4252 958,4252 958,4252 958,4252 958,4252 958,4252 958,4252 958,4252 958,4252 961,946 961,946 961,946 961,946 961,946 961,946 961,946 961,946 961,946 961,946 965,4669 965,4669 965,4669 965,4669 965,4669 965,4669 965,4669 965,4669 965,4669 965,4669 968,9878 968,9878 968,9878 968,9878 968,9878 968,9878 968,9878 968,9878 968,9878 968,9878 972,5087 972,5087 972,5087 972,5087 972,5087 972,5087 972,5087 972,5087 972,5087 972,5087 976,0295 976,0295 976,0295 976,0295 976,0295
939,4077 939,4077 939,4077 939,4077 939,4077 939,4077 939,4077 939,4077 958,4252 958,4252 958,4252 958,4252 958,4252 958,4252 958,4252 958,4252 958,4252 958,4252 961,946 961,946 961,946 961,946 961,946 961,946 961,946 961,946 961,946 961,946 965,4669 965,4669 965,4669 965,4669 965,4669 965,4669 965,4669 965,4669 965,4669 965,4669 968,9878 968,9878 968,9878 968,9878 968,9878 968,9878 968,9878 968,9878 968,9878 968,9878 972,5087 972,5087 972,5087 972,5087 972,5087 972,5087 972,5087 972,5087 972,5087 972,5087 976,0295 976,0295 976,0295 976,0295 976,0295
939,4077 939,4077 939,4077 939,4077 939,4077 939,4077 939,4077 939,4077 958,4252 958,4252 958,4252 958,4252 958,4252 958,4252 958,4252 958,4252 958,4252 958,4252 961,946 961,946 961,946 961,946 961,946 961,946 961,946 961,946 961,946 961,946 965,4669 965,4669 965,4669 965,4669 965,4669 965,4669 965,4669 965,4669 965,4669 965,4669 968,9878 968,9878 968,9878 968,9878 968,9878 968,9878 968,9878 968,9878 968,9878 968,9878 972,5087 972,5087 972,5087 972,5087 972,5087 972,5087 972,5087 972,5087 972,5087 972,5087 976,0295 976,0295 976,0295 976,0295 976,0295
939,4077 939,4077 939,4077 939,4077 939,4077 939,4077 939,4077 939,4077 958,4252 958,4252 958,4252 958,4252 958,4252 958,4252 958,4252 958,4252 958,4252 958,4252 961,946 961,946 961,946 961,946 961,946 961,946 961,946 961,946 961,946 961,946 965,4669 965,4669 965,4669 965,4669 965,4669 965,4669 965,4669 965,4669 965,4669 965,4669 968,9878 968,9878 968,9878 968,9878 968,9878 968,9878 968,9878 968,9878 968,9878 968,9878 972,5087 972,5087 972,5087 972,5087 972,5087 972,5087 972,5087 972,5087 972,5087 972,5087 976,0295 976,0295 976,0295 976,0295 976,0295
939,4077 939,4077 939,4077 939,4077 939,4077 939,4077 939,4077 939,4077 958,4252 958,4252 958,4252 958,4252 958,4252 958,4252 958,4252 958,4252 958,4252 958,4252 961,946 961,946 961,946 961,946 961,946 961,946 961,946 961,946 961,946 961,946 965,4669 965,4669 965,4669 965,4669 965,4669 965,4669 965,4669 965,4669 965,4669 965,4669 968,9878 968,9878 968,9878 968,9878 968,9878 968,9878 968,9878 968,9878 968,9878 968,9878 972,5087 972,5087 972,5087 972,5087 972,5087 972,5087 972,5087 972,5087 972,5087 972,5087 976,0295 976,0295 976,0295 976,0295 976,0295
939,4077 939,4077 939,4077 939,4077 939,4077 939,4077 939,4077 939,4077 958,4252 958,4252 958,4252 958,4252 958,4252 958,4252 958,4252 958,4252 958,4252 958,4252 961,946 961,946 961,946 961,946 961,946 961,946 961,946 961,946 961,946 961,946 965,4669 965,4669 965,4669 965,4669 965,4669 965,4669 965,4669 965,4669 965,4669 965,4669 968,9878 968,9878 968,9878 968,9878 968,9878 968,9878 968,9878 968,9878 968,9878 968,9878 972,5087 972,5087 972,5087 972,5087 972,5087 972,5087 972,5087 972,5087 972,5087 972,5087 976,0295 976,0295 976,0295 976,0295 976,0295
939,4077 939,4077 939,4077 939,4077 939,4077 939,4077 939,4077 939,4077 958,4252 958,4252 958,4252 958,4252 958,4252 958,4252 958,4252 958,4252 958,4252 958,4252 961,946 961,946 961,946 961,946 961,946 961,946 961,946 961,946 961,946 961,946 965,4669 965,4669 965,4669 965,4669 965,4669 965,4669 965,4669 965,4669 965,4669 965,4669 968,9878 968,9878 968,9878 968,9878 968,9878 968,9878 968,9878 968,9878 968,9878 968,9878 972,5087 972,5087 972,5087 972,5087 972,5087 972,5087 972,5087 972,5087 972,5087 972,5087 976,0295 976,0295 976,0295 976,0295 976,0295
933,646 933,646 933,646 933,646 933,646 933,646 933,646 933,646 953,3973 953,3973 953,3973 953,3973 953,3973 953,3973 953,3973 953,3973 953,3973 953,3973 961,3154 961,3154 961,3154 961,3154 961,3154 961,3154 961,3154 961,3154 961,3154 961,3154 964,8363 964,8363 964,8363 964,8363 964,8363 964,8363 964,8363 964,8363 964,8363 964,8363 968,3572 968,3572 968,3572 968,3572 968,3572 968,3572 968,3572 968,3572 968,3572 968,3572 971,8781 971,8781 971,8781 971,8781 971,8781 971,8781 971,8781 971,8781 971,8781 971,8781 975,3989 975,3989 975,3989 975,3989 975,3989
933,646 933,646 933,646 933,646 933,646 933,646 933,646 933,646 953,3973 953,3973 953,3973 953,3973 953,3973 953,3973 953,3973 953,3973 953,3973 953,3973 961,3154 961,3154 961,3154 961,3154 961,3154 961,3154 961,3154 961,3154 961,3154 961,3154 964,8363 964,8363 964,8363 964,8363 964,8363 964,8363 964,8363 964,8363 964,8363 964,8363 968,3572 968,3572 968,3572 968,3572 968,3572 968,3572 968,3572 968,3572 968,3572 968,3572 971,8781 971,8781 971,8781 971,8781 971,8781 971,8781 971,8781 971,8781 971,8781 971,8781 975,3989 975,3989 975,3989 975,3989 975,3989
933,646 933,646 933,646 933,646 933,646 933,646 933,646 933,646 953,3973 953,3973 953,3973 953,3973 953,3973 953,3973 953,3973 953,3973 953,3973 953,3973 961,3154 961,3154 961,3154 961,3154 961,3154 961,3154 961,3154 961,3154 961,3154 961,3154 964,8363 964,8363 964,8363 964,8363 964,8363 964,8363 964,8363 964,8363 964,8363 964,8363 968,3572 968,3572 968,3572 968,3572 968,3572 968,3572 968,3572 968,3572 968,3572 968,3572 971,8781 971,8781 971,8781 971,8781 971,8781 971,8781 971,8781 971,8781 971,8781 971,8781 975,3989 975,3989 975,3989 975,3989 975,3989
933,646 933,646 933,646 933,646 933,646 933,646 933,646 933,646 953,3973 953,3973 953,3973 953,3973 953,3973 953,3973 953,3973 953,3973 953,3973 953,3973 961,3154 961,3154 961,3154 961,3154 961,3154 961,3154 961,3154 961,3154 961,3154 961,3154 964,8363 964,8363 964,8363 964,8363 964,8363 964,8363 964,8363 964,8363 964,8363 964,8363 968,3572 968,3572 968,3572 968,3572 968,3572 968,3572 968,3572 968,3572 968,3572 968,3572 971,8781 971,8781 971,8781 971,8781 971,8781 971,8781 971,8781 971,8781 971,8781 971,8781 975,3989 975,3989 975,3989 975,3989 975,3989
