data/100m/tregrense.asc
ncols         480
nrows         500
xllcorner     57000
yllcorner     6698000
cellsize      100
NODATA_value  -9999
[rows 56 to 83 of 500, columns 315 to 377 of 480]
986,1194 986,1194 986,1194 986,1194 986,1194 989,6403 989,6403 989,6403 989,6403 989,6403 989,6403 989,6403 989,6403 989,6403 989,6403 993,1612 993,1612 993,1612 993,1612 993,1612 993,1612 993,1612 993,1612 993,1612 993,1612 996,6821 996,6821 996,6821 996,6821 996,6821 996,6821 996,6821 996,6821 996,6821 996,6821 1000,203 1000,203 1000,203 1000,203 1000,203 1000,203 1000,203 1000,203 1000,203 1000,203 1003,724 1003,724 1003,724 1003,724 1003,724 1003,724 1003,724 1003,724 1003,724 1003,724 1006,379 1006,379 1006,379 1006,379 1006,379 1006,379 1006,379 1006,379
986,1194 986,1194 986,1194 986,1194 986,1194 989,6403 989,6403 989,6403 989,6403 989,6403 989,6403 989,6403 989,6403 989,6403 989,6403 993,1612 993,1612 993,1612 993,1612 993,1612 993,1612 993,1612 993,1612 993,1612 993,1612 996,6821 996,6821 996,6821 996,6821 996,6821 996,6821 996,6821 996,6821 996,6821 996,6821 1000,203 1000,203 1000,203 1000,203 1000,203 1000,203 1000,203 1000,203 1000,203 1000,203 1003,724 1003,724 1003,724 1003,724 1003,724 1003,724 1003,724 1003,724 1003,724 1003,724 1006,379 1006,379 1006,379 1006,379 1006,379 1006,379 1006,379 1006,379
986,1194 986,1194 986,1194 986,1194 986,1194 989,6403 989,6403 989,6403 989,6403 989,6403 989,6403 989,6403 989,6403 989,6403 989,6403 993,1612 993,1612 993,1612 993,1612 993,1612 993,1612 993,1612 993,1612 993,1612 993,1612 996,6821 996,6821 996,6821 996,6821 996,6821 996,6821 996,6821 996,6821 996,6821 996,6821 1000,203 1000,203 1000,203 1000,203 1000,203 1000,203 1000,203 1000,203 1000,203 1000,203 1003,724 1003,724 1003,724 1003,724 1003,724 1003,724 1003,724 1003,724 1003,724 1003,724 1006,379 1006,379 1006,379 1006,379 1006,379 1006,379 1006,379 1006,379
986,1194 986,1194 986,1194 986,1194 986,1194 989,6403 989,6403 989,6403 989,6403 989,6403 989,6403 989,6403 989,6403 989,6403 989,6403 993,1612 993,1612 993,1612 993,1612 993,1612 993,1612 993,1612 993,1612 993,1612 993,1612 996,6821 996,6821 996,6821 996,6821 996,6821 996,6821 996,6821 996,6821 996,6821 996,6821 1000,203 1000,203 1000,203 1000,203 1000,203 1000,203 1000,203 1000,203 1000,203 1000,203 1003,724 1003,724 1003,724 1003,724 1003,724 1003,724 1003,724 1003,724 1003,724 1003,724 1006,379 1006,379 1006,379 1006,379 1006,379 1006,379 1006,379 1006,379
985,4888 985,4888 985,4888 985,4888 985,4888 989,0097 989,0097 989,0097 989,0097 989,0097 989,0097 989,0097 989,0097 989,0097 989,0097 992,5306 992,5306 992,5306 992,5306 992,5306 992,5306 992,5306 992,5306 992,5306 992,5306 996,0514 996,0514 996,0514 996,0514 996,0514 996,0514 996,0514 996,0514 996,0514 996,0514 999,5723 999,5723 999,5723 999,5723 999,5723 999,5723 999,5723 999,5723 999,5723 999,5723 1003,093 1003,093 1003,093 1003,093 1003,093 1003,093 1003,093 1003,093 1003,093 1003,093 1006,614 1006,614 1006,614 1006,614 1006,614 1006,614 1006,614 1006,614
985,4888 985,4888 985,4888 985,4888 985,4888 989,0097 989,0097 989,0097 989,0097 989,0097 989,0097 989,0097 989,0097 989,0097 989,0097 992,5306 992,5306 992,5306 992,5306 992,5306 992,5306 992,5306 992,5306 992,5306 992,5306 996,0514 996,0514 996,0514 996,0514 996,0514 996,0514 996,0514 996,0514 996,0514 996,0514 999,5723 999,5723 999,5723 999,5723 999,5723 999,5723 999,5723 999,5723 999,5723 999,5723 1003,093 1003,093 1003,093 1003,093 1003,093 1003,093 1003,093 1003,093 1003,093 1003,093 1006,614 1006,614 1006,614 1006,614 1006,614 1006,614 1006,614 1006,614
985,4888 985,4888 985,4888 985,4888 985,4888 989,0097 989,0097 989,0097 989,0097 989,0097 989,0097 989,0097 989,0097 989,0097 989,0097 992,5306 992,5306 992,5306 992,5306 992,5306 992,5306 992,5306 992,5306 992,5306 992,5306 996,0514 996,0514 996,0514 996,0514 996,0514 996,0514 996,0514 996,0514 996,0514 996,0514 999,5723 999,5723 999,5723 999,5723 999,5723 999,5723 999,5723 999,5723 999,5723 999,5723 1003,093 1003,093 1003,093 1003,093 1003,093 1003,093 1003,093 1003,093 1003,093 1003,093 1006,614 1006,614 1006,614 1006,614 1006,614 1006,614 1006,614 1006,614
985,4888 985,4888 985,4888 985,4888 985,4888 989,0097 989,0097 989,0097 989,0097 989,0097 989,0097 989,0097 989,0097 989,0097 989,0097 992,5306 992,5306 992,5306 992,5306 992,5306 992,5306 992,5306 992,5306 992,5306 992,5306 996,0514 996,0514 996,0514 996,0514 996,0514 996,0514 996,0514 996,0514 996,0514 996,0514 999,5723 999,5723 999,5723 999,5723 999,5723 999,5723 999,5723 999,5723 999,5723 999,5723 1003,093 1003,093 1003,093 1003,093 1003,093 1003,093 1003,093 1003,093 1003,093 1003,093 1006,614 1006,614 1006,614 1006,614 1006,614 1006,614 1006,614 1006,614
985,4888 985,4888 985,4888 985,4888 985,4888 989,0097 989,0097 989,0097 989,0097 989,0097 989,0097 989,0097 989,0097 989,0097 989,0097 992,5306 992,5306 992,5306 992,5306 992,5306 992,5306 992,5306 992,5306 992,5306 992,5306 996,0514 996,0514 996,0514 996,0514 996,0514 996,0514 996,0514 996,0514 996,0514 996,0514 999,5723 999,5723 999,5723 999,5723 999,5723 999,5723 999,5723 999,5723 999,5723 999,5723 1003,093 1003,093 1003,093 1003,093 1003,093 1003,093 1003,093 1003,093 1003,093 1003,093 1006,614 1006,614 1006,614 1006,614 1006,614 1006,614 1006,614 1006,614
985,4888 985,4888 985,4888 985,4888 985,4888 989,0097 989,0097 989,0097 989,0097 989,0097 989,0097 989,0097 989,0097 989,0097 989,0097 992,5306 992,5306 992,5306 992,5306 992,5306 992,5306 992,5306 992,5306 992,5306 992,5306 996,0514 996,0514 996,0514 996,0514 996,0514 996,0514 996,0514 996,0514 996,0514 996,0514 999,5723 999,5723 999,5723 999,5723 999,5723 999,5723 999,5723 999,5723 999,5723 999,5723 1003,093 1003,093 1003,093 1003,093 1003,093 1003,093 1003,093 1003,093 1003,093 1003,093 1006,614 1006,614 1006,614 1006,614 1006,614 1006,614 1006,614 1006,614
985,4888 985,4888 985,4888 985,4888 985,4888 989,0097 989,0097 989,0097 989,0097 989,0097 989,0097 989,0097 989,0097 989,0097 989,0097 992,5306 992,5306 992,5306 992,5306 992,5306 992,5306 992,5306 992,5306 992,5306 992,5306 996,0514 996,0514 996,0514 996,0514 996,0514 996,0514 996,0514 996,0514 996,0514 996,0514 999,5723 999,5723 999,5723 999,5723 999,5723 999,5723 999,5723 999,5723 999,5723 999,5723 1003,093 1003,093 1003,093 1003,093 1003,093 1003,093 1003,093 1003,093 1003,093 1003,093 1006,614 1006,614 1006,614 1006,614 1006,614 1006,614 1006,614 1006,614
985,4888 985,4888 985,4888 985,4888 985,4888 989,0097 989,0097 989,0097 989,0097 989,0097 989,0097 989,0097 989,0097 989,0097 989,0097 992,5306 992,5306 992,5306 992,5306 992,5306 992,5306 992,5306 992,5306 992,5306 992,5306 996,0514 996,0514 996,0514 996,0514 996,0514 996,0514 996,0514 996,0514 996,0514 996,0514 999,5723 999,5723 999,5723 999,5723 999,5723 999,5723 999,5723 999,5723 999,5723 999,5723 1003,093 1003,093 1003,093 1003,093 1003,093 1003,093 1003,093 1003,093 1003,093 1003,093 1006,614 1006,614 1006,614 1006,614 1006,614 1006,614 1006,614 1006,614
985,4888 985,4888 985,4888 985,4888 985,4888 989,0097 989,0097 989,0097 989,0097 989,0097 989,0097 989,0097 989,0097 989,0097 989,0097 992,5306 992,5306 992,5306 992,5306 992,5306 992,5306 992,5306 992,5306 992,5306 992,5306 996,0514 996,0514 996,0514 996,0514 996,0514 996,0514 996,0514 996,0514 996,0514 996,0514 999,5723 999,5723 999,5723 999,5723 999,5723 999,5723 999,5723 999,5723 999,5723 999,5723 1003,093 1003,093 1003,093 1003,093 1003,093 1003,093 1003,093 1003,093 1003,093 1003,093 1006,614 1006,614 1006,614 1006,614 1006,614 1006,614 1006,614 1006,614
985,4888 985,4888 985,4888 985,4888 985,4888 989,0097 989,0097 989,0097 989,0097 989,0097 989,0097 989,0097 989,0097 989,0097 989,0097 992,5306 992,5306 992,5306 992,5306 992,5306 992,5306 992,5306 992,5306 992,5306 992,5306 996,0514 996,0514 996,0514 996,0514 996,0514 996,0514 996,0514 996,0514 996,0514 996,0514 999,5723 999,5723 999,5723 999,5723 999,5723 999,5723 999,5723 999,5723 999,5723 999,5723 1003,093 1003,093 1003,093 1003,093 1003,093 1003,093 1003,093 1003,093 1003,093 1003,093 1006,614 1006,614 1006,614 1006,614 1006,614 1006,614 1006,614 1006,614
984,8582 984,8582 984,8582 984,8582 984,8582 988,3791 988,3791 988,3791 988,3791 988,3791 988,3791 988,3791 988,3791 988,3791 988,3791 991,8999 991,8999 991,8999 991,8999 991,8999 991,8999 991,8999 991,8999 991,8999 991,8999 995,4208 995,4208 995,4208 995,4208 995,4208 995,4208 995,4208 995,4208 995,4208 995,4208 998,9417 998,9417 998,9417 998,9417 998,9417 998,9417 998,9417 998,9417 998,9417 998,9417 1002,463 1002,463 1002,463 1002,463 1002,463 1002,463 1002,463 1002,463 1002,463 1002,463 1005,983 1005,983 1005,983 1005,983 1005,983 1005,983 1005,983 1005,983
984,8582 984,8582 984,8582 984,8582 984,8582 988,3791 988,3791 988,3791 988,3791 988,3791 988,3791 988,3791 988,3791 988,3791 988,3791 991,8999 991,8999 991,8999 991,8999 991,8999 991,8999 991,8999 991,8999 991,8999 991,8999 995,4208 995,4208 995,4208 995,4208 995,4208 995,4208 995,4208 995,4208 995,4208 995,4208 998,9417 998,9417 998,9417 998,9417 998,9417 998,9417 998,9417 998,9417 998,9417 998,9417 1002,463 1002,463 1002,463 1002,463 1002,463 1002,463 1002,463 1002,463 1002,463 1002,463 1005,983 1005,983 1005,983 1005,983 1005,983 1005,983 1005,983 1005,983
984,8582 984,8582 984,8582 984,8582 984,8582 988,3791 988,3791 988,3791 988,3791 988,3791 988,3791 988,3791 988,3791 988,3791 988,3791 991,8999 991,8999 991,8999 991,8999 991,8999 991,8999 991,8999 991,8999 991,8999 991,8999 995,4208 995,4208 995,4208 995,4208 995,4208 995,4208 995,4208 995,4208 995,4208 995,4208 998,9417 998,9417 998,9417 998,9417 998,9417 998,9417 998,9417 998,9417 998,9417 998,9417 1002,463 1002,463 1002,463 1002,463 1002,463 1002,463 1002,463 1002,463 1002,463 1002,463 1005,983 1005,983 1005,983 1005,983 1005,983 1005,983 1005,983 1005,983
984,8582 984,8582 984,8582 984,8582 984,8582 988,3791 988,3791 988,3791 988,3791 988,3791 988,3791 988,3791 988,3791 988,3791 988,3791 991,8999 991,8999 991,8999 991,8999 991,8999 991,8999 991,8999 991,8999 991,8999 991,8999 995,4208 995,4208 995,4208 995,4208 995,4208 995,4208 995,4208 995,4208 995,4208 995,4208 998,9417 998,9417 998,9417 998,9417 998,9417 998,9417 998,9417 998,9417 998,9417 998,9417 1002,463 1002,463 1002,463 1002,463 1002,463 1002,463 1002,463 1002,463 1002,463 1002,463 1005,983 1005,983 1005,983 1005,983 1005,983 1005,983 1005,983 1005,983
984,8582 984,8582 984,8582 984,8582 984,8582 988,3791 988,3791 988,3791 988,3791 988,3791 988,3791 988,3791 988,3791 988,3791 988,3791 991,8999 991,8999 991,8999 991,8999 991,8999 991,8999 991,8999 991,8999 991,8999 991,8999 995,4208 995,4208 995,4208 995,4208 995,4208 995,4208 995,4208 995,4208 995,4208 995,4208 998,9417 998,9417 998,9417 998,9417 998,9417 998,9417 998,9417 998,9417 998,9417 998,9417 1002,463 1002,463 1002,463 1002,463 1002,463 1002,463 1002,463 1002,463 1002,463 1002,463 1005,983 1005,983 1005,983 1005,983 1005,983 1005,983 1005,983 1005,983
984,8582 984,8582 984,8582 984,8582 984,8582 988,3791 988,3791 988,3791 988,3791 988,3791 988,3791 988,3791 988,3791 988,3791 988,3791 991,8999 991,8999 991,8999 991,8999 991,8999 991,8999 991,8999 991,8999 991,8999 991,8999 995,4208 995,4208 995,4208 995,4208 995,4208 995,4208 995,4208 995,4208 995,4208 995,4208 998,9417 998,9417 998,9417 998,9417 998,9417 998,9417 998,9417 998,9417 998,9417 998,9417 1002,463 1002,463 1002,463 1002,463 1002,463 1002,463 1002,463 1002,463 1002,463 1002,463 1005,983 1005,983 1005,983 1005,983 1005,983 1005,983 1005,983 1005,983
984,8582 984,8582 984,8582 984,8582 984,8582 988,3791 988,3791 988,3791 988,3791 988,3791 988,3791 988,3791 988,3791 988,3791 988,3791 991,8999 991,8999 991,8999 991,8999 991,8999 991,8999 991,8999 991,8999 991,8999 991,8999 995,4208 995,4208 995,4208 995,4208 995,4208 995,4208 995,4208 995,4208 995,4208 995,4208 998,9417 998,9417 998,9417 998,9417 998,9417 998,9417 998,9417 998,9417 998,9417 998,9417 1002,463 1002,463 1002,463 1002,463 1002,463 1002,463 1002,463 1002,463 1002,463 1002,463 1005,983 1005,983 1005,983 1005,983 1005,983 1005,983 1005,983 1005,983
984,8582 984,8582 984,8582 984,8582 984,8582 988,3791 988,3791 988,3791 988,3791 988,3791 988,3791 988,3791 988,3791 988,3791 988,3791 991,8999 991,8999 991,8999 991,8999 991,8999 991,8999 991,8999 991,8999 991,8999 991,8999 995,4208 995,4208 995,4208 995,4208 995,4208 995,4208 995,4208 995,4208 995,4208 995,4208 998,9417 998,9417 998,9417 998,9417 998,9417 998,9417 998,9417 998,9417 998,9417 998,9417 1002,463 1002,463 1002,463 1002,463 1002,463 1002,463 1002,463 1002,463 1002,463 1002,463 1005,983 1005,983 1005,983 1005,983 1005,983 1005,983 1005,983 1005,983
984,8582 984,8582 984,8582 984,8582 984,8582 988,3791 988,3791 988,3791 988,3791 988,3791 988,3791 988,3791 988,3791 988,3791 988,3791 991,8999 991,8999 991,8999 991,8999 991,8999 991,8999 991,8999 991,8999 991,8999 991,8999 995,4208 995,4208 995,4208 995,4208 995,4208 995,4208 995,4208 995,4208 995,4208 995,4208 998,9417 998,9417 998,9417 998,9417 998,9417 998,9417 998,9417 998,9417 998,9417 998,9417 1002,463 1002,463 1002,463 1002,463 1002,463 1002,463 1002,463 1002,463 1002,463 1002,463 1005,983 1005,983 1005,983 1005,983 1005,983 1005,983 1005,983 1005,983
984,8582 984,8582 984,8582 984,8582 984,8582 988,3791 988,3791 988,3791 988,3791 988,3791 988,3791 988,3791 988,3791 988,3791 988,3791 991,8999 991,8999 991,8999 991,8999 991,8999 991,8999 991,8999 991,8999 991,8999 991,8999 995,4208 995,4208 995,4208 995,4208 995,4208 995,4208 995,4208 995,4208 995,4208 995,4208 998,9417 998,9417 998,9417 998,9417 998,9417 998,9417 998,9417 998,9417 998,9417 998,9417 1002,463 1002,463 1002,463 1002,463 1002,463 1002,463 1002,463 1002,463 1002,463 1002,463 1005,983 1005,983 1005,983 1005,983 1005,983 1005,983 1005,983 1005,983
984,2276 984,2276 984,2276 984,2276 984,2276 987,7484 987,7484 987,7484 987,7484 987,7484 987,7484 987,7484 987,7484 987,7484 987,7484 991,2693 991,2693 991,2693 991,2693 991,2693 991,2693 991,2693 991,2693 991,2693 991,2693 994,7902 994,7902 994,7902 994,7902 994,7902 994,7902 994,7902 994,7902 994,7902 994,7902 998,311 998,311 998,311 998,311 998,311 998,311 998,311 998,311 998,311 998,311 1001,832 1001,832 1001,832 1001,832 1001,832 1001,832 1001,832 1001,832 1001,832 1001,832 1005,353 1005,353 1005,353 1005,353 1005,353 1005,353 1005,353 1005,353
984,2276 984,2276 984,2276 984,2276 984,2276 987,7484 987,7484 987,7484 987,7484 987,7484 987,7484 987,7484 987,7484 987,7484 987,7484 991,2693 991,2693 991,2693 991,2693 991,2693 991,2693 991,2693 991,2693 991,2693 991,2693 994,7902 994,7902 994,7902 994,7902 994,7902 994,7902 994,7902 994,7902 994,7902 994,7902 998,311 998,311 998,311 998,311 998,311 998,311 998,311 998,311 998,311 998,311 1001,832 1001,832 1001,832 1001,832 1001,832 1001,832 1001,832 1001,832 1001,832 1001,832 1005,353 1005,353 1005,353 1005,353 1005,353 1005,353 1005,353 1005,353
984,2276 984,2276 984,2276 984,2276 984,2276 987,7484 987,7484 987,7484 987,7484 987,7484 987,7484 987,7484 987,7484 987,7484 987,7484 991,2693 991,2693 991,2693 991,2693 991,2693 991,2693 991,2693 991,2693 991,2693 991,2693 994,7902 994,7902 994,7902 994,7902 994,7902 994,7902 994,7902 994,7902 994,7902 994,7902 998,311 998,311 998,311 998,311 998,311 998,311 998,311 998,311 998,311 998,311 1001,832 1001,832 1001,832 1001,832 1001,832 1001,832 1001,832 1001,832 1001,832 1001,832 1005,353 1005,353 1005,353 1005,353 1005,353 1005,353 1005,353 1005,353
984,2276 984,2276 984,2276 984,2276 984,2276 987,7484 987,7484 987,7484 987,7484 987,7484 987,7484 987,7484 987,7484 987,7484 987,7484 991,2693 991,2693 991,2693 991,2693 991,2693 991,2693 991,2693 991,2693 991,2693 991,2693 994,7902 994,7902 994,7902 994,7902 994,7902 994,7902 994,7902 994,7902 994,7902 994,7902 998,311 998,311 998,311 998,311 998,311 998,311 998,311 998,311 998,311 998,311 1001,832 1001,832 1001,832 1001,832 1001,832 1001,832 1001,832 1001,832 1001,832 1001,832 1005,353 1005,353 1005,353 1005,353 1005,353 1005,353 1005,353 1005,353
