data/100m/tregrense.asc
ncols         480
nrows         500
xllcorner     57000
yllcorner     6698000
cellsize      100
NODATA_value  -9999
[rows 28 to 55 of 500, columns 0 to 62 of 480]
635,2597 635,2597 635,2597 635,2597 635,2597 635,2597 635,2597 635,2597 635,2597 635,2597 632,9811 632,9811 632,9811 632,9811 632,9811 632,9811 632,9811 632,9811 632,9811 632,9811 631,2056 631,2056 631,2056 631,2056 631,2056 631,2056 631,2056 631,2056 631,2056 631,2056 629,4299 629,4299 629,4299 629,4299 629,4299 629,4299 629,4299 629,4299 629,4299 629,4299 634,1035 634,1035 634,1035 634,1035 634,1035 634,1035 634,1035 634,1035 634,1035 634,1035 653,8548 653,8548 653,8548 653,8548 653,8548 653,8548 653,8548 653,8548 653,8548 653,8548 673,6061 673,6061 673,6061
635,2597 635,2597 635,2597 635,2597 635,2597 635,2597 635,2597 635,2597 635,2597 635,2597 632,9811 632,9811 632,9811 632,9811 632,9811 632,9811 632,9811 632,9811 632,9811 632,9811 631,2056 631,2056 631,2056 631,2056 631,2056 631,2056 631,2056 631,2056 631,2056 631,2056 629,4299 629,4299 629,4299 629,4299 629,4299 629,4299 629,4299 629,4299 629,4299 629,4299 634,1035 634,1035 634,1035 634,1035 634,1035 634,1035 634,1035 634,1035 634,1035 634,1035 653,8548 653,8548 653,8548 653,8548 653,8548 653,8548 653,8548 653,8548 653,8548 653,8548 673,6061 673,6061 673,6061
640,522 640,522 640,522 640,522 640,522 640,522 640,522 640,522 640,522 640,522 635,5362 635,5362 635,5362 635,5362 635,5362 635,5362 635,5362 635,5362 635,5362 635,5362 630,5504 630,5504 630,5504 630,5504 630,5504 630,5504 630,5504 630,5504 630,5504 630,5504 626,2192 626,2192 626,2192 626,2192 626,2192 626,2192 626,2192 626,2192 626,2192 626,2192 627,4488 627,4488 627,4488 627,4488 627,4488 627,4488 627,4488 627,4488 627,4488 627,4488 648,0931 648,0931 648,0931 648,0931 648,0931 648,0931 648,0931 648,0931 648,0931 648,0931 667,8444 667,8444 667,8444
640,522 640,522 640,522 640,522 640,522 640,522 640,522 640,522 640,522 640,522 635,5362 635,5362 635,5362 635,5362 635,5362 635,5362 635,5362 635,5362 635,5362 635,5362 630,5504 630,5504 630,5504 630,5504 630,5504 630,5504 630,5504 630,5504 630,5504 630,5504 626,2192 626,2192 626,2192 626,2192 626,2192 626,2192 626,2192 626,2192 626,2192 626,2192 627,4488 627,4488 627,4488 627,4488 627,4488 627,4488 627,4488 627,4488 627,4488 627,4488 648,0931 648,0931 648,0931 648,0931 648,0931 648,0931 648,0931 648,0931 648,0931 648,0931 667,8444 667,8444 667,8444
640,522 640,522 640,522 640,522 640,522 640,522 640,522 640,522 640,522 640,522 635,5362 635,5362 635,5362 635,5362 635,5362 635,5362 635,5362 635,5362 635,5362 635,5362 630,5504 630,5504 630,5504 630,5504 630,5504 630,5504 630,5504 630,5504 630,5504 630,5504 626,2192 626,2192 626,2192 626,2192 626,2192 626,2192 626,2192 626,2192 626,2192 626,2192 627,4488 627,4488 627,4488 627,4488 627,4488 627,4488 627,4488 627,4488 627,4488 627,4488 648,0931 648,0931 648,0931 648,0931 648,0931 648,0931 648,0931 648,0931 648,0931 648,0931 667,8444 667,8444 667,8444
640,522 640,522 640,522 640,522 640,522 640,522 640,522 640,522 640,522 640,522 635,5362 635,5362 635,5362 635,5362 635,5362 635,5362 635,5362 635,5362 635,5362 635,5362 630,5504 630,5504 630,5504 630,5504 630,5504 630,5504 630,5504 630,5504 630,5504 630,5504 626,2192 626,2192 626,2192 626,2192 626,2192 626,2192 626,2192 626,2192 626,2192 626,2192 627,4488 627,4488 627,4488 627,4488 627,4488 627,4488 627,4488 627,4488 627,4488 627,4488 648,0931 648,0931 648,0931 648,0931 648,0931 648,0931 648,0931 648,0931 648,0931 648,0931 667,8444 667,8444 667,8444
640,522 640,522 640,522 640,522 640,522 640,522 640,522 640,522 640,522 640,522 635,5362 635,5362 635,5362 635,5362 635,5362 635,5362 635,5362 635,5362 635,5362 635,5362 630,5504 630,5504 630,5504 630,5504 630,5504 630,5504 630,5504 630,5504 630,5504 630,5504 626,2192 626,2192 626,2192 626,2192 626,2192 626,2192 626,2192 626,2192 626,2192 626,2192 627,4488 627,4488 627,4488 627,4488 627,4488 627,4488 627,4488 627,4488 627,4488 627,4488 648,0931 648,0931 648,0931 648,0931 648,0931 648,0931 648,0931 648,0931 648,0931 648,0931 667,8444 667,8444 667,8444
640,522 640,522 640,522 640,522 640,522 640,522 640,522 640,522 640,522 640,522 635,5362 635,5362 635,5362 635,5362 635,5362 635,5362 635,5362 635,5362 635,5362 635,5362 630,5504 630,5504 630,5504 630,5504 630,5504 630,5504 630,5504 630,5504 630,5504 630,5504 626,2192 626,2192 626,2192 626,2192 626,2192 626,2192 626,2192 626,2192 626,2192 626,2192 627,4488 627,4488 627,4488 627,4488 627,4488 627,4488 627,4488 627,4488 627,4488 627,4488 648,0931 648,0931 648,0931 648,0931 648,0931 648,0931 648,0931 648,0931 648,0931 648,0931 667,8444 667,8444 667,8444
640,522 640,522 640,522 640,522 640,522 640,522 640,522 640,522 640,522 640,522 635,5362 635,5362 635,5362 635,5362 635,5362 635,5362 635,5362 635,5362 635,5362 635,5362 630,5504 630,5504 630,5504 630,5504 630,5504 630,5504 630,5504 630,5504 630,5504 630,5504 626,2192 626,2192 626,2192 626,2192 626,2192 626,2192 626,2192 626,2192 626,2192 626,2192 627,4488 627,4488 627,4488 627,4488 627,4488 627,4488 627,4488 627,4488 627,4488 627,4488 648,0931 648,0931 648,0931 648,0931 648,0931 648,0931 648,0931 648,0931 648,0931 648,0931 667,8444 667,8444 667,8444
640,522 640,522 640,522 640,522 640,522 640,522 640,522 640,522 640,522 640,522 635,5362 635,5362 635,5362 635,5362 635,5362 635,5362 635,5362 635,5362 635,5362 635,5362 630,5504 630,5504 630,5504 630,5504 630,5504 630,5504 630,5504 630,5504 630,5504 630,5504 626,2192 626,2192 626,2192 626,2192 626,2192 626,2192 626,2192 626,2192 626,2192 626,2192 627,4488 627,4488 627,4488 627,4488 627,4488 627,4488 627,4488 627,4488 627,4488 627,4488 648,0931 648,0931 648,0931 648,0931 648,0931 648,0931 648,0931 648,0931 648,0931 648,0931 667,8444 667,8444 667,8444
640,522 640,522 640,522 640,522 640,522 640,522 640,522 640,522 640,522 640,522 635,5362 635,5362 635,5362 635,5362 635,5362 635,5362 635,5362 635,5362 635,5362 635,5362 630,5504 630,5504 630,5504 630,5504 630,5504 630,5504 630,5504 630,5504 630,5504 630,5504 626,2192 626,2192 626,2192 626,2192 626,2192 626,2192 626,2192 626,2192 626,2192 626,2192 627,4488 627,4488 627,4488 627,4488 627,4488 627,4488 627,4488 627,4488 627,4488 627,4488 648,0931 648,0931 648,0931 648,0931 648,0931 648,0931 648,0931 648,0931 648,0931 648,0931 667,8444 667,8444 667,8444
640,522 640,522 640,522 640,522 640,522 640,522 640,522 640,522 640,522 640,522 635,5362 635,5362 635,5362 635,5362 635,5362 635,5362 635,5362 635,5362 635,5362 635,5362 630,5504 630,5504 630,5504 630,5504 630,5504 630,5504 630,5504 630,5504 630,5504 630,5504 626,2192 626,2192 626,2192 626,2192 626,2192 626,2192 626,2192 626,2192 626,2192 626,2192 627,4488 627,4488 627,4488 627,4488 627,4488 627,4488 627,4488 627,4488 627,4488 627,4488 648,0931 648,0931 648,0931 648,0931 648,0931 648,0931 648,0931 648,0931 648,0931 648,0931 667,8444 667,8444 667,8444
645,7843 645,7843 645,7843 645,7843 645,7843 645,7843 645,7843 645,7843 645,7843 645,7843 640,7985 640,7985 640,7985 640,7985 640,7985 640,7985 640,7985 640,7985 640,7985 640,7985 635,8127 635,8127 635,8127 635,8127 635,8127 635,8127 635,8127 635,8127 635,8127 635,8127 637,1393 637,1393 637,1393 637,1393 637,1393 637,1393 637,1393 637,1393 637,1393 637,1393 629,7696 629,7696 629,7696 629,7696 629,7696 629,7696 629,7696 629,7696 629,7696 629,7696 640,9718 640,9718 640,9718 640,9718 640,9718 640,9718 640,9718 640,9718 640,9718 640,9718 662,0826 662,0826 662,0826
645,7843 645,7843 645,7843 645,7843 645,7843 645,7843 645,7843 645,7843 645,7843 645,7843 640,7985 640,7985 640,7985 640,7985 640,7985 640,7985 640,7985 640,7985 640,7985 640,7985 635,8127 635,8127 635,8127 635,8127 635,8127 635,8127 635,8127 635,8127 635,8127 635,8127 637,1393 637,1393 637,1393 637,1393 637,1393 637,1393 637,1393 637,1393 637,1393 637,1393 629,7696 629,7696 629,7696 629,7696 629,7696 629,7696 629,7696 629,7696 629,7696 629,7696 640,9718 640,9718 640,9718 640,9718 640,9718 640,9718 640,9718 640,9718 640,9718 640,9718 662,0826 662,0826 662,0826
645,7843 645,7843 645,7843 645,7843 645,7843 645,7843 645,7843 645,7843 645,7843 645,7843 640,7985 640,7985 640,7985 640,7985 640,7985 640,7985 640,7985 640,7985 640,7985 640,7985 635,8127 635,8127 635,8127 635,8127 635,8127 635,8127 635,8127 635,8127 635,8127 635,8127 637,1393 637,1393 637,1393 637,1393 637,1393 637,1393 637,1393 637,1393 637,1393 637,1393 629,7696 629,7696 629,7696 629,7696 629,7696 629,7696 629,7696 629,7696 629,7696 629,7696 640,9718 640,9718 640,9718 640,9718 640,9718 640,9718 640,9718 640,9718 640,9718 640,9718 662,0826 662,0826 662,0826
645,7843 645,7843 645,7843 645,7843 645,7843 645,7843 645,7843 645,7843 645,7843 645,7843 640,7985 640,7985 640,7985 640,7985 640,7985 640,7985 640,7985 640,7985 640,7985 640,7985 635,8127 635,8127 635,8127 635,8127 635,8127 635,8127 635,8127 635,8127 635,8127 635,8127 637,1393 637,1393 637,1393 637,1393 637,1393 637,1393 637,1393 637,1393 637,1393 637,1393 629,7696 629,7696 629,7696 629,7696 629,7696 629,7696 629,7696 629,7696 629,7696 629,7696 640,9718 640,9718 640,9718 640,9718 640,9718 640,9718 640,9718 640,9718 640,9718 640,9718 662,0826 662,0826 662,0826
645,7843 645,7843 645,7843 645,7843 645,7843 645,7843 645,7843 645,7843 645,7843 645,7843 640,7985 640,7985 640,7985 640,7985 640,7985 640,7985 640,7985 640,7985 640,7985 640,7985 635,8127 635,8127 635,8127 635,8127 635,8127 635,8127 635,8127 635,8127 635,8127 635,8127 637,1393 637,1393 637,1393 637,1393 637,1393 637,1393 637,1393 637,1393 637,1393 637,1393 629,7696 629,7696 629,7696 629,7696 629,7696 629,7696 629,7696 629,7696 629,7696 629,7696 640,9718 640,9718 640,9718 640,9718 640,9718 640,9718 640,9718 640,9718 640,9718 640,9718 662,0826 662,0826 662,0826
645,7843 645,7843 645,7843 645,7843 645,7843 645,7843 645,7843 645,7843 645,7843 645,7843 640,7985 640,7985 640,7985 640,7985 640,7985 640,7985 640,7985 640,7985 640,7985 640,7985 635,8127 635,8127 635,8127 635,8127 635,8127 635,8127 635,8127 635,8127 635,8127 635,8127 637,1393 637,1393 637,1393 637,1393 637,1393 637,1393 637,1393 637,1393 637,1393 637,1393 629,7696 629,7696 629,7696 629,7696 629,7696 629,7696 629,7696 629,7696 629,7696 629,7696 640,9718 640,9718 640,9718 640,9718 640,9718 640,9718 640,9718 640,9718 640,9718 640,9718 662,0826 662,0826 662,0826
645,7843 645,7843 645,7843 645,7843 645,7843 645,7843 645,7843 645,7843 645,7843 645,7843 640,7985 640,7985 640,7985 640,7985 640,7985 640,7985 640,7985 640,7985 640,7985 640,7985 635,8127 635,8127 635,8127 635,8127 635,8127 635,8127 635,8127 635,8127 635,8127 635,8127 637,1393 637,1393 637,1393 637,1393 637,1393 637,1393 637,1393 637,1393 637,1393 637,1393 629,7696 629,7696 629,7696 629,7696 629,7696 629,7696 629,7696 629,7696 629,7696 629,7696 640,9718 640,9718 640,9718 640,9718 640,9718 640,9718 640,9718 640,9718 640,9718 640,9718 662,0826 662,0826 662,0826
645,7843 645,7843 645,7843 645,7843 645,7843 645,7843 645,7843 645,7843 645,7843 645,7843 640,7985 640,7985 640,7985 640,7985 640,7985 640,7985 640,7985 640,7985 640,7985 640,7985 635,8127 635,8127 635,8127 635,8127 635,8127 635,8127 635,8127 635,8127 635,8127 635,8127 637,1393 637,1393 637,1393 637,1393 637,1393 637,1393 637,1393 637,1393 637,1393 637,1393 629,7696 629,7696 629,7696 629,7696 629,7696 629,7696 629,7696 629,7696 629,7696 629,7696 640,9718 640,9718 640,9718 640,9718 640,9718 640,9718 640,9718 640,9718 640,9718 640,9718 662,0826 662,0826 662,0826
645,7843 645,7843 645,7843 645,7843 645,7843 645,7843 645,7843 645,7843 645,7843 645,7843 640,7985 640,7985 640,7985 640,7985 640,7985 640,7985 640,7985 640,7985 640,7985 640,7985 635,8127 635,8127 635,8127 635,8127 635,8127 635,8127 635,8127 635,8127 635,8127 635,8127 637,1393 637,1393 637,1393 637,1393 637,1393 637,1393 637,1393 637,1393 637,1393 637,1393 629,7696 629,7696 629,7696 629,7696 629,7696 629,7696 629,7696 629,7696 629,7696 629,7696 640,9718 640,9718 640,9718 640,9718 640,9718 640,9718 640,9718 640,9718 640,9718 640,9718 662,0826 662,0826 662,0826
645,7843 645,7843 645,7843 645,7843 645,7843 645,7843 645,7843 645,7843 645,7843 645,7843 640,7985 640,7985 640,7985 640,7985 640,7985 640,7985 640,7985 640,7985 640,7985 640,7985 635,8127 635,8127 635,8127 635,8127 635,8127 635,8127 635,8127 635,8127 635,8127 635,8127 637,1393 637,1393 637,1393 637,1393 637,1393 637,1393 637,1393 637,1393 637,1393 637,1393 629,7696 629,7696 629,7696 629,7696 629,7696 629,7696 629,7696 629,7696 629,7696 629,7696 640,9718 640,9718 640,9718 640,9718 640,9718 640,9718 640,9718 640,9718 640,9718 640,9718 662,0826 662,0826 662,0826
651,0466 651,0466 651,0466 651,0466 651,0466 651,0466 651,0466 651,0466 651,0466 651,0466 646,0609 646,0609 646,0609 646,0609 646,0609 646,0609 646,0609 646,0609 646,0609 646,0609 644,0822 644,0822 644,0822 644,0822 644,0822 644,0822 644,0822 644,0822 644,0822 644,0822 648,0595 648,0595 648,0595 648,0595 648,0595 648,0595 648,0595 648,0595 648,0595 648,0595 648,431 648,431 648,431 648,431 648,431 648,431 648,431 648,431 648,431 648,431 -9999 -9999 -9999 -9999 -9999 -9999 -9999 -9999 -9999 -9999 -9999 -9999 -9999
651,0466 651,0466 651,0466 651,0466 651,0466 651,0466 651,0466 651,0466 651,0466 651,0466 646,0609 646,0609 646,0609 646,0609 646,0609 646,0609 646,0609 646,0609 646,0609 646,0609 644,0822 644,0822 644,0822 644,0822 644,0822 644,0822 644,0822 644,0822 644,0822 644,0822 648,0595 648,0595 648,0595 648,0595 648,0595 648,0595 648,0595 648,0595 648,0595 648,0595 648,431 648,431 648,431 648,431 648,431 648,431 648,431 648,431 648,431 648,431 -9999 -9999 -9999 -9999 -9999 -9999 -9999 -9999 -9999 -9999 -9999 -9999 -9999
651,0466 651,0466 651,0466 651,0466 651,0466 651,0466 651,0466 651,0466 651,0466 651,0466 646,0609 646,0609 646,0609 646,0609 646,0609 646,0609 646,0609 646,0609 646,0609 646,0609 644,0822 644,0822 644,0822 644,0822 644,0822 644,0822 644,0822 644,0822 644,0822 644,0822 648,0595 648,0595 648,0595 648,0595 648,0595 648,0595 648,0595 648,0595 648,0595 648,0595 648,431 648,431 648,431 648,431 648,431 648,431 648,431 648,431 648,431 648,431 -9999 -9999 -9999 -9999 -9999 -9999 -9999 -9999 -9999 -9999 -9999 -9999 -9999
651,0466 651,0466 651,0466 651,0466 651,0466 651,0466 651,0466 651,0466 651,0466 651,0466 646,0609 646,0609 646,0609 646,0609 646,0609 646,0609 646,0609 646,0609 646,0609 646,0609 644,0822 644,0822 644,0822 644,0822 644,0822 644,0822 644,0822 644,0822 644,0822 644,0822 648,0595 648,0595 648,0595 648,0595 648,0595 648,0595 648,0595 648,0595 648,0595 648,0595 648,431 648,431 648,431 648,431 648,431 648,431 648,431 648,431 648,431 648,431 -9999 -9999 -9999 -9999 -9999 -9999 -9999 -9999 -9999 -9999 -9999 -9999 -9999
651,0466 651,0466 651,0466 651,0466 651,0466 651,0466 651,0466 651,0466 651,0466 651,0466 646,0609 646,0609 646,0609 646,0609 646,0609 646,0609 646,0609 646,0609 646,0609 646,0609 644,0822 644,0822 644,0822 644,0822 644,0822 644,0822 644,0822 644,0822 644,0822 644,0822 648,0595 648,0595 648,0595 648,0595 648,0595 648,0595 648,0595 648,0595 648,0595 648,0595 648,431 648,431 648,431 648,431 648,431 648,431 648,431 648,431 648,431 648,431 -9999 -9999 -9999 -9999 -9999 -9999 -9999 -9999 -9999 -9999 -9999 -9999 -9999
651,0466 651,0466 651,0466 651,0466 651,0466 651,0466 651,0466 651,0466 651,0466 651,0466 646,0609 646,0609 646,0609 646,0609 646,0609 646,0609 646,0609 646,0609 646,0609 646,0609 644,0822 644,0822 644,0822 644,0822 644,0822 644,0822 644,0822 644,0822 644,0822 644,0822 648,0595 648,0595 648,0595 648,0595 648,0595 648,0595 648,0595 648,0595 648,0595 648,0595 648,431 648,431 648,431 648,431 648,431 648,431 648,431 648,431 648,431 648,431 -9999 -9999 -9999 -9999 -9999 -9999 -9999 -9999 -9999 -9999 -9999 -9999 -9999
