data/100m/tregrense.asc
ncols         480
nrows         500
xllcorner     57000
yllcorner     6698000
cellsize      100
NODATA_value  -9999
[rows 84 to 111 of 500, columns 126 to 188 of 480]
757,5434 757,5434 757,5434 757,5434 777,2947 777,2947 777,2947 777,2947 777,2947 777,2947 777,2947 777,2947 777,2947 777,2947 797,046 797,046 797,046 797,046 797,046 797,046 797,046 797,046 797,046 797,046 816,7972 816,7972 816,7972 816,7972 816,7972 816,7972 816,7972 816,7972 816,7972 816,7972 836,5485 836,5485 836,5485 836,5485 836,5485 836,5485 836,5485 836,5485 836,5485 836,5485 856,2998 856,2998 856,2998 856,2998 856,2998 856,2998 856,2998 856,2998 856,2998 856,2998 876,0511 876,0511 876,0511 876,0511 876,0511 876,0511 876,0511 876,0511 876,0511
757,5434 757,5434 757,5434 757,5434 777,2947 777,2947 777,2947 777,2947 777,2947 777,2947 777,2947 777,2947 777,2947 777,2947 797,046 797,046 797,046 797,046 797,046 797,046 797,046 797,046 797,046 797,046 816,7972 816,7972 816,7972 816,7972 816,7972 816,7972 816,7972 816,7972 816,7972 816,7972 836,5485 836,5485 836,5485 836,5485 836,5485 836,5485 836,5485 836,5485 836,5485 836,5485 856,2998 856,2998 856,2998 856,2998 856,2998 856,2998 856,2998 856,2998 856,2998 856,2998 876,0511 876,0511 876,0511 876,0511 876,0511 876,0511 876,0511 876,0511 876,0511
757,5434 757,5434 757,5434 757,5434 777,2947 777,2947 777,2947 777,2947 777,2947 777,2947 777,2947 777,2947 777,2947 777,2947 797,046 797,046 797,046 797,046 797,046 797,046 797,046 797,046 797,046 797,046 816,7972 816,7972 816,7972 816,7972 816,7972 816,7972 816,7972 816,7972 816,7972 816,7972 836,5485 836,5485 836,5485 836,5485 836,5485 836,5485 836,5485 836,5485 836,5485 836,5485 856,2998 856,2998 856,2998 856,2998 856,2998 856,2998 856,2998 856,2998 856,2998 856,2998 876,0511 876,0511 876,0511 876,0511 876,0511 876,0511 876,0511 876,0511 876,0511
757,5434 757,5434 757,5434 757,5434 777,2947 777,2947 777,2947 777,2947 777,2947 777,2947 777,2947 777,2947 777,2947 777,2947 797,046 797,046 797,046 797,046 797,046 797,046 797,046 797,046 797,046 797,046 816,7972 816,7972 816,7972 816,7972 816,7972 816,7972 816,7972 816,7972 816,7972 816,7972 836,5485 836,5485 836,5485 836,5485 836,5485 836,5485 836,5485 836,5485 836,5485 836,5485 856,2998 856,2998 856,2998 856,2998 856,2998 856,2998 856,2998 856,2998 856,2998 856,2998 876,0511 876,0511 876,0511 876,0511 876,0511 876,0511 876,0511 876,0511 876,0511
757,5434 757,5434 757,5434 757,5434 777,2947 777,2947 777,2947 777,2947 777,2947 777,2947 777,2947 777,2947 777,2947 777,2947 797,046 797,046 797,046 797,046 797,046 797,046 797,046 797,046 797,046 797,046 816,7972 816,7972 816,7972 816,7972 816,7972 816,7972 816,7972 816,7972 816,7972 816,7972 836,5485 836,5485 836,5485 836,5485 836,5485 836,5485 836,5485 836,5485 836,5485 836,5485 856,2998 856,2998 856,2998 856,2998 856,2998 856,2998 856,2998 856,2998 856,2998 856,2998 876,0511 876,0511 876,0511 876,0511 876,0511 876,0511 876,0511 876,0511 876,0511
757,5434 757,5434 757,5434 757,5434 777,2947 777,2947 777,2947 777,2947 777,2947 777,2947 777,2947 777,2947 777,2947 777,2947 797,046 797,046 797,046 797,046 797,046 797,046 797,046 797,046 797,046 797,046 816,7972 816,7972 816,7972 816,7972 816,7972 816,7972 816,7972 816,7972 816,7972 816,7972 836,5485 836,5485 836,5485 836,5485 836,5485 836,5485 836,5485 836,5485 836,5485 836,5485 856,2998 856,2998 856,2998 856,2998 856,2998 856,2998 856,2998 856,2998 856,2998 856,2998 876,0511 876,0511 876,0511 876,0511 876,0511 876,0511 876,0511 876,0511 876,0511
751,7817 751,7817 751,7817 751,7817 771,533 771,533 771,533 771,533 771,533 771,533 771,533 771,533 771,533 771,533 791,2842 791,2842 791,2842 791,2842 791,2842 791,2842 791,2842 791,2842 791,2842 791,2842 811,0355 811,0355 811,0355 811,0355 811,0355 811,0355 811,0355 811,0355 811,0355 811,0355 830,7868 830,7868 830,7868 830,7868 830,7868 830,7868 830,7868 830,7868 830,7868 830,7868 850,5381 850,5381 850,5381 850,5381 850,5381 850,5381 850,5381 850,5381 850,5381 850,5381 870,2894 870,2894 870,2894 870,2894 870,2894 870,2894 870,2894 870,2894 870,2894
751,7817 751,7817 751,7817 751,7817 771,533 771,533 771,533 771,533 771,533 771,533 771,533 771,533 771,533 771,533 791,2842 791,2842 791,2842 791,2842 791,2842 791,2842 791,2842 791,2842 791,2842 791,2842 811,0355 811,0355 811,0355 811,0355 811,0355 811,0355 811,0355 811,0355 811,0355 811,0355 830,7868 830,7868 830,7868 830,7868 830,7868 830,7868 830,7868 830,7868 830,7868 830,7868 850,5381 850,5381 850,5381 850,5381 850,5381 850,5381 850,5381 850,5381 850,5381 850,5381 870,2894 870,2894 870,2894 870,2894 870,2894 870,2894 870,2894 870,2894 870,2894
751,7817 751,7817 751,7817 751,7817 771,533 771,533 771,533 771,533 771,533 771,533 771,533 771,533 771,533 771,533 791,2842 791,2842 791,2842 791,2842 791,2842 791,2842 791,2842 791,2842 791,2842 791,2842 811,0355 811,0355 811,0355 811,0355 811,0355 811,0355 811,0355 811,0355 811,0355 811,0355 830,7868 830,7868 830,7868 830,7868 830,7868 830,7868 830,7868 830,7868 830,7868 830,7868 850,5381 850,5381 850,5381 850,5381 850,5381 850,5381 850,5381 850,5381 850,5381 850,5381 870,2894 870,2894 870,2894 870,2894 870,2894 870,2894 870,2894 870,2894 870,2894
751,7817 751,7817 751,7817 751,7817 771,533 771,533 771,533 771,533 771,533 771,533 771,533 771,533 771,533 771,533 791,2842 791,2842 791,2842 791,2842 791,2842 791,2842 791,2842 791,2842 791,2842 791,2842 811,0355 811,0355 811,0355 811,0355 811,0355 811,0355 811,0355 811,0355 811,0355 811,0355 830,7868 830,7868 830,7868 830,7868 830,7868 830,7868 830,7868 830,7868 830,7868 830,7868 850,5381 850,5381 850,5381 850,5381 850,5381 850,5381 850,5381 850,5381 850,5381 850,5381 870,2894 870,2894 870,2894 870,2894 870,2894 870,2894 870,2894 870,2894 870,2894
751,7817 751,7817 751,7817 751,7817 771,533 771,533 771,533 771,533 771,533 771,533 771,533 771,533 771,533 771,533 791,2842 791,2842 791,2842 791,2842 791,2842 791,2842 791,2842 791,2842 791,2842 791,2842 811,0355 811,0355 811,0355 811,0355 811,0355 811,0355 811,0355 811,0355 811,0355 811,0355 830,7868 830,7868 830,7868 830,7868 830,7868 830,7868 830,7868 830,7868 830,7868 830,7868 850,5381 850,5381 850,5381 850,5381 850,5381 850,5381 850,5381 850,5381 850,5381 850,5381 870,2894 870,2894 870,2894 870,2894 870,2894 870,2894 870,2894 870,2894 870,2894
751,7817 751,7817 751,7817 751,7817 771,533 771,533 771,533 771,533 771,533 771,533 771,533 771,533 771,533 771,533 791,2842 791,2842 791,2842 791,2842 791,2842 791,2842 791,2842 791,2842 791,2842 791,2842 811,0355 811,0355 811,0355 811,0355 811,0355 811,0355 811,0355 811,0355 811,0355 811,0355 830,7868 830,7868 830,7868 830,7868 830,7868 830,7868 830,7868 830,7868 830,7868 830,7868 850,5381 850,5381 850,5381 850,5381 850,5381 850,5381 850,5381 850,5381 850,5381 850,5381 870,2894 870,2894 870,2894 870,2894 870,2894 870,2894 870,2894 870,2894 870,2894
751,7817 751,7817 751,7817 751,7817 771,533 771,533 771,533 771,533 771,533 771,533 771,533 771,533 771,533 771,533 791,2842 791,2842 791,2842 791,2842 791,2842 791,2842 791,2842 791,2842 791,2842 791,2842 811,0355 811,0355 811,0355 811,0355 811,0355 811,0355 811,0355 811,0355 811,0355 811,0355 830,7868 830,7868 830,7868 830,7868 830,7868 830,7868 830,7868 830,7868 830,7868 830,7868 850,5381 850,5381 850,5381 850,5381 850,5381 850,5381 850,5381 850,5381 850,5381 850,5381 870,2894 870,2894 870,2894 870,2894 870,2894 870,2894 870,2894 870,2894 870,2894
751,7817 751,7817 751,7817 751,7817 771,533 771,533 771,533 771,533 771,533 771,533 771,533 771,533 771,533 771,533 791,2842 791,2842 791,2842 791,2842 791,2842 791,2842 791,2842 791,2842 791,2842 791,2842 811,0355 811,0355 811,0355 811,0355 811,0355 811,0355 811,0355 811,0355 811,0355 811,0355 830,7868 830,7868 830,7868 830,7868 830,7868 830,7868 830,7868 830,7868 830,7868 830,7868 850,5381 850,5381 850,5381 850,5381 850,5381 850,5381 850,5381 850,5381 850,5381 850,5381 870,2894 870,2894 870,2894 870,2894 870,2894 870,2894 870,2894 870,2894 870,2894
751,7817 751,7817 751,7817 751,7817 771,533 771,533 771,533 771,533 771,533 771,533 771,533 771,533 771,533 771,533 791,2842 791,2842 791,2842 791,2842 791,2842 791,2842 791,2842 791,2842 791,2842 791,2842 811,0355 811,0355 811,0355 811,0355 811,0355 811,0355 811,0355 811,0355 811,0355 811,0355 830,7868 830,7868 830,7868 830,7868 830,7868 830,7868 830,7868 830,7868 830,7868 830,7868 850,5381 850,5381 850,5381 850,5381 850,5381 850,5381 850,5381 850,5381 850,5381 850,5381 870,2894 870,2894 870,2894 870,2894 870,2894 870,2894 870,2894 870,2894 870,2894
751,7817 751,7817 751,7817 751,7817 771,533 771,533 771,533 771,533 771,533 771,533 771,533 771,533 771,533 771,533 791,2842 791,2842 791,2842 791,2842 791,2842 791,2842 791,2842 791,2842 791,2842 791,2842 811,0355 811,0355 811,0355 811,0355 811,0355 811,0355 811,0355 811,0355 811,0355 811,0355 830,7868 830,7868 830,7868 830,7868 830,7868 830,7868 830,7868 830,7868 830,7868 830,7868 850,5381 850,5381 850,5381 850,5381 850,5381 850,5381 850,5381 850,5381 850,5381 850,5381 870,2894 870,2894 870,2894 870,2894 870,2894 870,2894 870,2894 870,2894 870,2894
746,02 746,02 746,02 746,02 765,7712 765,7712 765,7712 765,7712 765,7712 765,7712 765,7712 765,7712 765,7712 765,7712 785,5225 785,5225 785,5225 785,5225 785,5225 785,5225 785,5225 785,5225 785,5225 785,5225 805,2738 805,2738 805,2738 805,2738 805,2738 805,2738 805,2738 805,2738 805,2738 805,2738 825,0251 825,0251 825,0251 825,0251 825,0251 825,0251 825,0251 825,0251 825,0251 825,0251 844,7764 844,7764 844,7764 844,7764 844,7764 844,7764 844,7764 844,7764 844,7764 844,7764 864,5276 864,5276 864,5276 864,5276 864,5276 864,5276 864,5276 864,5276 864,5276
746,02 746,02 746,02 746,02 765,7712 765,7712 765,7712 765,7712 765,7712 765,7712 765,7712 765,7712 765,7712 765,7712 785,5225 785,5225 785,5225 785,5225 785,5225 785,5225 785,5225 785,5225 785,5225 785,5225 805,2738 805,2738 805,2738 805,2738 805,2738 805,2738 805,2738 805,2738 805,2738 805,2738 825,0251 825,0251 825,0251 825,0251 825,0251 825,0251 825,0251 825,0251 825,0251 825,0251 844,7764 844,7764 844,7764 844,7764 844,7764 844,7764 844,7764 844,7764 844,7764 844,7764 864,5276 864,5276 864,5276 864,5276 864,5276 864,5276 864,5276 864,5276 864,5276
746,02 746,02 746,02 746,02 765,7712 765,7712 765,7712 765,7712 765,7712 765,7712 765,7712 765,7712 765,7712 765,7712 785,5225 785,5225 785,5225 785,5225 785,5225 785,5225 785,5225 785,5225 785,5225 785,5225 805,2738 805,2738 805,2738 805,2738 805,2738 805,2738 805,2738 805,2738 805,2738 805,2738 825,0251 825,0251 825,0251 825,0251 825,0251 825,0251 825,0251 825,0251 825,0251 825,0251 844,7764 844,7764 844,7764 844,7764 844,7764 844,7764 844,7764 844,7764 844,7764 844,7764 864,5276 864,5276 864,5276 864,5276 864,5276 864,5276 864,5276 864,5276 864,5276
746,02 746,02 746,02 746,02 765,7712 765,7712 765,7712 765,7712 765,7712 765,7712 765,7712 765,7712 765,7712 765,7712 785,5225 785,5225 785,5225 785,5225 785,5225 785,5225 785,5225 785,5225 785,5225 785,5225 805,2738 805,2738 805,2738 805,2738 805,2738 805,2738 805,2738 805,2738 805,2738 805,2738 825,0251 825,0251 825,0251 825,0251 825,0251 825,0251 825,0251 825,0251 825,0251 825,0251 844,7764 844,7764 844,7764 844,7764 844,7764 844,7764 844,7764 844,7764 844,7764 844,7764 864,5276 864,5276 864,5276 864,5276 864,5276 864,5276 864,5276 864,5276 864,5276
746,02 746,02 746,02 746,02 765,7712 765,7712 765,7712 765,7712 765,7712 765,7712 765,7712 765,7712 765,7712 765,7712 785,5225 785,5225 785,5225 785,5225 785,5225 785,5225 785,5225 785,5225 785,5225 785,5225 805,2738 805,2738 805,2738 805,2738 805,2738 805,2738 805,2738 805,2738 805,2738 805,2738 825,0251 825,0251 825,0251 825,0251 825,0251 825,0251 825,0251 825,0251 825,0251 825,0251 844,7764 844,7764 844,7764 844,7764 844,7764 844,7764 844,7764 844,7764 844,7764 844,7764 864,5276 864,5276 864,5276 864,5276 864,5276 864,5276 864,5276 864,5276 864,5276
746,02 746,02 746,02 746,02 765,7712 765,7712 765,7712 765,7712 765,7712 765,7712 765,7712 765,7712 765,7712 765,7712 785,5225 785,5225 785,5225 785,5225 785,5225 785,5225 785,5225 785,5225 785,5225 785,5225 805,2738 805,2738 805,2738 805,2738 805,2738 805,2738 805,2738 805,2738 805,2738 805,2738 825,0251 825,0251 825,0251 825,0251 825,0251 825,0251 825,0251 825,0251 825,0251 825,0251 844,7764 844,7764 844,7764 844,7764 844,7764 844,7764 844,7764 844,7764 844,7764 844,7764 864,5276 864,5276 864,5276 864,5276 864,5276 864,5276 864,5276 864,5276 864,5276
746,02 746,02 746,02 746,02 765,7712 765,7712 765,7712 765,7712 765,7712 765,7712 765,7712 765,7712 765,7712 765,7712 785,5225 785,5225 785,5225 785,5225 785,5225 785,5225 785,5225 785,5225 785,5225 785,5225 805,2738 805,2738 805,2738 805,2738 805,2738 805,2738 805,2738 805,2738 805,2738 805,2738 825,0251 825,0251 825,0251 825,0251 825,0251 825,0251 825,0251 825,0251 825,0251 825,0251 844,7764 844,7764 844,7764 844,7764 844,7764 844,7764 844,7764 844,7764 844,7764 844,7764 864,5276 864,5276 864,5276 864,5276 864,5276 864,5276 864,5276 864,5276 864,5276
746,02 746,02 746,02 746,02 765,7712 765,7712 765,7712 765,7712 765,7712 765,7712 765,7712 765,7712 765,7712 765,7712 785,5225 785,5225 785,5225 785,5225 785,5225 785,5225 785,5225 785,5225 785,5225 785,5225 805,2738 805,2738 805,2738 805,2738 805,2738 805,2738 805,2738 805,2738 805,2738 805,2738 825,0251 825,0251 825,0251 825,0251 825,0251 825,0251 825,0251 825,0251 825,0251 825,0251 844,7764 844,7764 844,7764 844,7764 844,7764 844,7764 844,7764 844,7764 844,7764 844,7764 864,5276 864,5276 864,5276 864,5276 864,5276 864,5276 864,5276 864,5276 864,5276
746,02 746,02 746,02 746,02 765,7712 765,7712 765,7712 765,7712 765,7712 765,7712 765,7712 765,7712 765,7712 765,7712 785,5225 785,5225 785,5225 785,5225 785,5225 785,5225 785,5225 785,5225 785,5225 785,5225 805,2738 805,2738 805,2738 805,2738 805,2738 805,2738 805,2738 805,2738 805,2738 805,2738 825,0251 825,0251 825,0251 825,0251 825,0251 825,0251 825,0251 825,0251 825,0251 825,0251 844,7764 844,7764 844,7764 844,7764 844,7764 844,7764 844,7764 844,7764 844,7764 844,7764 864,5276 864,5276 864,5276 864,5276 864,5276 864,5276 864,5276 864,5276 864,5276
746,02 746,02 746,02 746,02 765,7712 765,7712 765,7712 765,7712 765,7712 765,7712 765,7712 765,7712 765,7712 765,7712 785,5225 785,5225 785,5225 785,5225 785,5225 785,5225 785,5225 785,5225 785,5225 785,5225 805,2738 805,2738 805,2738 805,2738 805,2738 805,2738 805,2738 805,2738 805,2738 805,2738 825,0251 825,0251 825,0251 825,0251 825,0251 825,0251 825,0251 825,0251 825,0251 825,0251 844,7764 844,7764 844,7764 844,7764 844,7764 844,7764 844,7764 844,7764 844,7764 844,7764 864,5276 864,5276 864,5276 864,5276 864,5276 864,5276 864,5276 864,5276 864,5276
735,6331 735,6331 735,6331 735,6331 760,0095 760,0095 760,0095 760,0095 760,0095 760,0095 760,0095 760,0095 760,0095 760,0095 779,7608 779,7608 779,7608 779,7608 779,7608 779,7608 779,7608 779,7608 779,7608 779,7608 799,5121 799,5121 799,5121 799,5121 799,5121 799,5121 799,5121 799,5121 799,5121 799,5121 819,2634 819,2634 819,2634 819,2634 819,2634 819,2634 819,2634 819,2634 819,2634 819,2634 839,0146 839,0146 839,0146 839,0146 839,0146 839,0146 839,0146 839,0146 839,0146 839,0146 858,7659 858,7659 858,7659 858,7659 858,7659 858,7659 858,7659 858,7659 858,7659
735,6331 735,6331 735,6331 735,6331 760,0095 760,0095 760,0095 760,0095 760,0095 760,0095 760,0095 760,0095 760,0095 760,0095 779,7608 779,7608 779,7608 779,7608 779,7608 779,7608 779,7608 779,7608 779,7608 779,7608 799,5121 799,5121 799,5121 799,5121 799,5121 799,5121 799,5121 799,5121 799,5121 799,5121 819,2634 819,2634 819,2634 819,2634 819,2634 819,2634 819,2634 819,2634 819,2634 819,2634 839,0146 839,0146 839,0146 839,0146 839,0146 839,0146 839,0146 839,0146 839,0146 839,0146 858,7659 858,7659 858,7659 858,7659 858,7659 858,7659 858,7659 858,7659 858,7659
