data/innsjopro1km.asc
ncols         48
nrows         50
xllcorner     57000
yllcorner     6698000
cellsize      1000
NODATA_value  -9999
-9999 6 -9999 11 27 77 -9999 -9999 31 -9999 -9999 12 26 38 22 34 74 7 29 46 36 16 10 17 -9999 6 21 28 68 25 25 12 11 10 -9999 32 -9999 82 85 46 67 53 28 12 -9999 6 6 9 
6 6 6 10 6 -9999 18 15 -9999 41 -9999 21 38 32 41 17 30 44 44 35 54 6 9 24 36 55 55 6 29 6 12 27 21 9 9 6 -9999 74 94 62 66 54 25 25 14 30 23 6 
84 93 72 14 -9999 -9999 22 21 -9999 -9999 -9999 32 20 55 30 38 58 68 38 25 41 64 6 45 47 55 53 39 23 37 15 14 28 24 -9999 15 20 84 77 37 16 45 78 40 9 7 6 -9999 
25 63 74 6 33 45 22 18 -9999 12 29 31 14 47 71 71 20 16 20 18 23 23 37 26 33 51 76 61 12 15 6 44 12 14 6 54 45 78 -9999 9 15 32 62 7 43 40 31 9 
-9999 -9999 6 -9999 42 48 -9999 -9999 12 9 21 26 37 67 73 40 22 31 35 33 14 34 27 49 28 16 62 69 55 80 60 22 -9999 16 -9999 56 37 43 25 6 -9999 21 60 75 44 42 29 6 
12 -9999 -9999 -9999 -9999 -9999 -9999 -9999 -9999 -9999 23 41 37 78 37 14 18 30 63 21 10 26 42 47 42 6 -9999 43 30 38 14 -9999 31 6 12 39 31 26 37 -9999 6 6 48 67 15 8 25 6 
-9999 -9999 -9999 -9999 -9999 -9999 -9999 12 36 -9999 9 34 27 68 25 11 22 59 53 35 28 18 17 21 30 6 8 11 18 50 77 83 92 71 12 15 27 6 14 12 -9999 6 12 9 -9999 -9999 6 -9999 
-9999 -9999 -9999 -9999 -9999 -9999 15 8 12 9 21 69 54 48 43 44 28 7 27 69 46 66 73 70 78 -9999 -9999 6 -9999 -9999 81 87 63 38 37 57 6 10 65 44 73 70 12 31 36 35 10 6 
-9999 -9999 -9999 -9999 -9999 -9999 7 14 15 7 30 79 99 66 29 35 34 35 18 22 37 47 36 50 -9999 -9999 -9999 -9999 -9999 12 13 25 21 15 25 38 15 14 52 39 34 62 66 15 38 29 10 -9999 
-9999 -9999 -9999 -9999 16 68 68 12 18 33 65 70 90 86 83 65 60 35 19 42 43 62 25 23 -9999 -9999 -9999 -9999 -9999 10 12 15 28 10 10 25 8 28 30 11 30 23 17 8 10 16 48 68 
-9999 -9999 -9999 6 34 6 6 6 34 15 -9999 38 43 12 80 89 64 43 18 28 9 21 57 8 -9999 -9999 -9999 -9999 -9999 -9999 -9999 -9999 18 35 12 15 55 10 37 56 18 21 13 21 42 10 23 49 
-9999 -9999 -9999 6 8 12 9 -9999 -9999 6 57 52 28 17 49 20 19 56 36 17 28 62 48 12 -9999 -9999 -9999 -9999 -9999 -9999 -9999 -9999 6 28 11 17 33 50 18 38 42 6 14 34 22 19 19 33 
-9999 -9999 26 46 -9999 -9999 -9999 16 -9999 18 18 10 66 16 40 13 20 19 56 89 78 -9999 -9999 -9999 -9999 -9999 -9999 -9999 -9999 -9999 -9999 -9999 17 25 28 52 25 6 62 64 56 66 6 27 12 28 11 41 
-9999 -9999 6 -9999 -9999 -9999 -9999 -9999 6 -9999 32 -9999 9 21 9 17 13 17 65 77 32 14 39 20 -9999 -9999 -9999 -9999 -9999 -9999 -9999 -9999 -9999 47 68 66 17 14 40 7 10 35 70 69 31 25 24 25 
-9999 -9999 -9999 -9999 -9999 -9999 -9999 -9999 8 11 -9999 -9999 -9999 -9999 -9999 6 -9999 -9999 -9999 23 17 17 21 53 -9999 -9999 -9999 -9999 -9999 -9999 -9999 -9999 43 16 21 15 36 34 26 22 36 26 15 18 20 6 37 8 
-9999 -9999 -9999 -9999 -9999 -9999 -9999 -9999 -9999 -9999 -9999 -9999 -9999 -9999 -9999 -9999 -9999 -9999 -9999 6 9 14 11 21 6 36 -9999 -9999 -9999 -9999 -9999 -9999 6 56 15 60 83 67 26 33 32 34 36 24 22 15 21 54 
-9999 -9999 -9999 -9999 -9999 -9999 -9999 -9999 -9999 -9999 -9999 -9999 -9999 -9999 -9999 -9999 18 31 76 38 37 -9999 12 19 34 54 12 40 -9999 62 6 14 22 37 20 17 69 51 41 38 37 43 18 33 13 6 67 18 
-9999 12 28 -9999 -9999 -9999 -9999 -9999 -9999 -9999 -9999 -9999 8 9 6 16 22 23 47 20 16 21 10 18 28 52 50 31 -9999 12 21 60 65 54 21 21 29 37 32 11 45 35 69 10 18 25 78 84 
-9999 8 8 -9999 -9999 -9999 -9999 -9999 -9999 -9999 12 9 16 8 8 17 14 17 72 21 6 24 14 11 12 24 16 -9999 15 25 46 15 10 50 49 38 54 72 70 20 36 23 46 71 12 43 21 7 
14 26 -9999 -9999 31 8 -9999 -9999 74 88 50 -9999 12 19 12 -9999 14 10 21 -9999 -9999 -9999 19 20 11 25 20 29 7 63 45 9 16 36 69 21 18 61 90 55 34 28 77 40 26 31 17 24 
6 10 -9999 9 13 14 10 6 65 97 80 12 11 17 12 17 12 -9999 -9999 -9999 -9999 -9999 26 32 11 13 49 28 47 6 42 18 22 -9999 58 27 57 77 21 23 43 36 28 45 76 85 69 20 
70 73 53 16 29 18 16 -9999 -9999 91 79 28 10 12 6 15 11 12 43 89 68 22 12 26 32 30 -9999 35 28 10 35 16 13 36 84 18 15 9 31 40 68 83 42 51 94 69 62 89 
53 69 8 6 25 28 26 6 -9999 91 77 -9999 9 13 12 12 6 6 37 81 9 32 43 15 20 31 28 25 15 50 72 31 49 40 15 23 26 36 26 25 44 98 59 38 76 89 85 100 
6 28 9 6 40 17 18 12 -9999 63 -9999 -9999 9 -9999 55 -9999 -9999 -9999 6 17 48 19 16 21 31 11 71 72 29 46 50 13 19 37 20 27 24 32 20 24 26 76 40 50 20 78 83 89 
15 10 10 6 30 10 -9999 -9999 -9999 -9999 -9999 -9999 -9999 -9999 29 -9999 6 -9999 -9999 8 17 9 21 31 81 87 97 98 68 8 26 17 39 26 22 50 30 14 16 20 23 55 66 91 90 87 25 14 
31 12 11 -9999 18 24 9 -9999 -9999 -9999 -9999 -9999 -9999 -9999 -9999 -9999 12 -9999 6 6 -9999 -9999 -9999 66 94 100 100 79 37 8 33 49 16 49 28 19 46 46 54 53 16 14 16 63 92 84 68 14 
-9999 -9999 9 31 12 38 8 -9999 -9999 -9999 -9999 -9999 9 -9999 25 12 6 -9999 6 -9999 -9999 17 12 75 100 97 89 26 20 24 28 24 25 54 33 19 16 37 72 -9999 15 9 14 44 58 80 70 45 
-9999 18 19 23 21 -9999 -9999 6 -9999 6 -9999 -9999 -9999 26 12 12 -9999 -9999 -9999 -9999 -9999 -9999 12 50 89 57 19 23 23 28 35 22 6 10 14 6 13 12 28 29 60 79 24 24 25 47 92 50 
7 14 25 -9999 54 15 28 6 21 12 18 -9999 -9999 -9999 6 -9999 6 15 -9999 12 6 21 -9999 -9999 12 15 48 20 22 45 47 25 25 23 25 54 43 6 -9999 42 34 91 41 21 23 17 58 72 
-9999 13 6 6 47 21 18 -9999 18 15 -9999 -9999 -9999 -9999 -9999 15 -9999 -9999 -9999 -9999 14 43 -9999 6 12 12 32 30 13 -9999 10 21 18 12 19 30 26 18 21 57 14 93 73 -9999 25 32 18 46 
15 42 14 16 6 9 26 -9999 20 18 12 11 -9999 -9999 -9999 -9999 -9999 6 7 6 -9999 6 6 7 -9999 12 32 14 6 11 6 15 16 60 55 6 6 -9999 31 21 16 88 93 64 10 17 32 77 
13 71 24 16 18 16 15 8 20 -9999 -9999 -9999 -9999 -9999 -9999 -9999 -9999 -9999 -9999 -9999 -9999 6 14 20 12 19 14 16 8 6 13 19 48 85 54 22 13 17 -9999 11 13 37 94 79 86 47 8 89 
16 30 26 19 19 16 29 11 18 8 29 -9999 12 16 -9999 10 6 33 6 -9999 18 12 8 18 -9999 12 10 18 12 18 62 22 25 38 34 -9999 10 6 9 22 10 12 87 93 99 67 18 72 
39 36 22 22 68 32 17 20 6 14 -9999 -9999 20 26 -9999 -9999 -9999 6 -9999 29 20 26 -9999 15 -9999 6 8 9 6 35 15 12 11 18 27 46 28 -9999 6 22 47 24 43 82 92 91 89 28 
20 40 10 6 45 81 45 47 23 -9999 12 31 -9999 -9999 -9999 -9999 -9999 18 12 34 9 -9999 -9999 -9999 -9999 -9999 -9999 8 6 6 14 12 27 10 23 15 25 14 58 75 51 45 26 16 28 56 97 66 
21 72 50 12 15 17 16 26 18 6 -9999 -9999 17 18 -9999 12 -9999 36 10 6 -9999 36 25 -9999 -9999 -9999 -9999 9 6 6 23 21 12 16 -9999 18 10 15 12 54 75 23 63 30 38 15 59 92 
16 8 18 16 11 22 23 14 16 9 -9999 7 -9999 -9999 -9999 14 6 8 18 21 11 35 18 36 59 25 23 15 17 12 23 15 12 18 -9999 15 12 -9999 6 9 61 73 72 33 36 66 29 77 
27 14 -9999 12 45 18 8 21 20 -9999 -9999 -9999 21 -9999 -9999 -9999 9 -9999 12 12 12 -9999 -9999 71 36 29 6 26 -9999 -9999 10 29 -9999 12 12 6 18 19 21 6 9 49 45 32 6 7 6 -9999 
51 42 75 34 55 79 27 12 13 -9999 6 12 -9999 -9999 -9999 12 9 28 -9999 6 12 6 9 52 35 21 9 37 12 -9999 16 6 6 6 9 6 41 33 8 25 25 27 32 50 41 32 15 -9999 
24 35 13 16 34 62 51 6 -9999 15 14 6 -9999 -9999 23 15 31 10 28 29 9 7 -9999 -9999 21 6 12 21 65 9 9 20 -9999 9 14 21 13 -9999 -9999 6 6 -9999 41 28 33 23 22 9 
16 34 23 32 20 -9999 40 24 28 11 12 9 11 20 21 17 40 6 6 7 12 11 15 12 -9999 6 38 34 15 12 23 30 18 28 33 32 19 20 6 10 -9999 -9999 52 54 28 42 40 29 
16 28 32 37 37 18 6 20 14 27 14 -9999 -9999 -9999 58 54 69 10 22 16 9 9 43 -9999 30 -9999 -9999 18 6 17 19 30 65 29 -9999 30 17 28 6 10 9 6 21 18 -9999 -9999 -9999 -9999 
17 55 44 61 30 14 13 19 21 31 12 -9999 6 17 15 13 11 6 42 41 10 15 6 -9999 6 23 54 8 13 15 7 16 77 37 18 41 21 29 48 55 57 19 34 -9999 -9999 24 -9999 -9999 
35 18 74 76 75 45 28 14 23 29 9 -9999 37 6 6 6 -9999 34 37 25 15 14 19 15 26 37 35 37 85 62 14 12 71 89 86 31 37 37 39 28 -9999 21 27 19 33 31 38 42 
-9999 17 13 -9999 9 6 28 7 8 6 -9999 -9999 -9999 13 -9999 6 30 16 26 26 28 14 8 23 14 18 23 -9999 81 93 67 10 11 67 95 82 36 68 53 -9999 10 -9999 12 20 30 18 6 41 
26 28 16 55 12 10 25 26 16 29 19 18 14 31 9 22 27 25 8 37 28 63 46 10 8 25 30 19 -9999 80 71 39 68 52 46 61 75 63 18 -9999 -9999 -9999 -9999 -9999 66 79 57 -9999 
65 33 54 6 17 12 12 12 21 14 6 7 54 13 12 6 6 8 24 22 25 51 62 18 28 23 14 27 17 17 21 9 68 67 50 39 60 45 14 8 -9999 81 87 82 84 77 92 85 
46 33 53 7 7 -9999 -9999 24 31 24 14 21 16 20 18 16 12 13 25 47 62 14 26 29 17 28 35 14 15 14 45 58 21 56 58 51 36 10 73 91 89 86 89 87 83 70 78 80 
7 30 13 16 20 6 48 21 34 20 20 9 9 10 16 28 6 21 43 35 75 64 16 16 6 18 22 9 14 13 6 18 11 15 25 43 36 59 91 92 89 53 -9999 -9999 18 9 18 -9999 
17 21 25 23 33 35 29 33 65 41 11 11 11 9 8 -9999 -9999 33 14 18 12 93 82 38 13 25 11 15 8 11 17 6 32 46 14 62 72 29 51 9 49 49 -9999 6 6 -9999 21 14 
