data/lokaldtm1km.asc
ncols         48
nrows         50
xllcorner     57000
yllcorner     6698000
cellsize      1000
NODATA_value  -9999
1013 1212 1186 1016 920 755 1565 1505 1222 695 945 1210 1241 1206 1305 1197 1153 1301 1307 1340 1288 1372 1308 1224 1354 1429 1387 1304 1286 1334 1515 1547 1544 1585 1636 1627 1605 1501 1451 1451 1516 1397 1436 1440 1294 1324 1257 1255 
944 852 688 572 570 950 1232 1050 585 660 985 1236 1176 1198 1225 1178 1131 1246 1177 1286 1335 1311 1429 1339 1325 1389 1363 1466 1310 1505 1562 1533 1514 1524 1611 1670 1700 1669 1451 1451 1474 1442 1450 1424 1476 1459 1482 1428 
387 387 390 469 664 991 998 867 197 951 1271 1298 1152 1085 1251 1123 1140 1160 1207 1237 1271 1315 1381 1329 1309 1298 1303 1325 1416 1446 1588 1529 1546 1474 1568 1621 1636 1451 1560 1569 1737 1520 1440 1469 1457 1472 1313 1219 
664 423 419 590 635 817 821 206 149 839 1119 1175 1212 1048 1052 1049 1239 1237 1256 1337 1322 1293 1305 1333 1318 1312 1296 1297 1365 1466 1458 1534 1506 1396 1490 1504 1489 1451 1647 1679 1725 1563 1559 1666 1561 1376 1480 1518 
322 418 359 612 796 715 202 47 557 1101 1161 1126 1013 1040 1122 1123 1077 1137 1241 1187 1273 1251 1276 1305 1343 1369 1308 1297 1265 1265 1340 1573 1400 1365 1534 1485 1532 1523 1558 1764 1775 1753 1737 1516 1508 1459 1537 1549 
110 -9999 66 317 707 -9999 0 362 241 512 943 936 1023 1040 1138 1253 1167 1147 1177 1195 1239 1266 1261 1302 1353 1416 1477 1369 1250 1258 1305 1449 1246 1379 1416 1413 1432 1431 1490 1588 1628 1755 1707 1630 1695 1659 1693 1750 
-9999 3 26 142 -9999 -9999 658 1125 1003 539 864 1032 1200 1219 1179 1306 1200 1241 1268 1248 1252 1305 1413 1427 1507 1470 1510 1466 1411 1234 1216 1241 1216 1235 1292 1405 1403 1482 1389 1348 1409 1601 1697 1771 1881 1793 1825 1825 
-9999 172 208 -9999 -9999 351 929 1218 1201 1280 1062 1151 1237 1279 1278 1195 1203 1249 1233 1216 1261 1371 1492 1461 1413 1461 1577 1605 1525 1274 1219 1228 1229 1220 1203 1260 1334 1396 1412 1497 1300 1387 1458 1753 1781 1716 1722 1778 
-9999 182 -9999 -9999 190 564 1226 1293 1312 1385 1181 1150 1158 1202 1238 1210 1195 1245 1242 1355 1371 1361 1684 1516 1460 1564 1610 1651 1635 1439 1395 1340 1306 1226 1241 1205 1241 1379 1405 1414 1444 1357 1300 1408 1442 1393 1396 1425 
-9999 -9999 -9999 368 720 755 815 991 1245 1248 1228 1163 1158 1158 1158 1164 1166 1124 1304 1421 1371 1444 1348 1552 1647 1715 1745 1732 1707 1683 1476 1401 1324 1255 1269 1252 1181 1390 1444 1465 1446 1443 1387 1335 1302 1313 1279 1305 
-9999 -9999 242 707 749 969 1059 1141 1137 1354 1382 1273 1222 1281 1167 1191 1181 1152 1259 1275 1618 1576 1290 1537 1689 1737 1799 1804 1721 1643 1534 1582 1450 1331 1322 1339 1160 1382 1452 1452 1468 1453 1439 1321 1240 1334 1286 1276 
-9999 -9999 521 783 961 1238 1392 1499 1541 1572 1378 1413 1207 1325 1250 1271 1209 1171 1097 1235 1499 1501 1353 1585 1649 1712 1782 1828 1828 1848 1798 1639 1618 1377 1358 1446 1209 1154 1331 1384 1364 1286 1442 1440 1336 1221 1287 1256 
-9999 232 554 654 724 892 1163 1463 1556 1416 1252 1212 1068 1296 1184 1222 1179 1132 1006 905 954 1200 1442 1539 1664 1713 1762 1802 1831 1835 1776 1693 1648 1417 1380 1384 1401 1247 1159 1204 1184 1124 1274 1327 1379 1145 1296 1255 
144 476 271 296 365 389 887 1284 1453 1388 1035 905 1096 1191 1108 1207 1221 1087 944 1047 1113 1153 1321 1565 1686 1730 1757 1790 1827 1815 1774 1728 1648 1425 1382 1380 1421 1453 1385 1459 1447 1199 1101 1103 1120 1070 1183 1288 
-9999 -9999 -9999 -9999 -9999 -9999 280 443 1262 1140 613 545 463 365 320 707 955 812 441 1093 1186 1255 1399 1498 1717 1762 1818 1798 1779 1794 1742 1692 1616 1521 1405 1409 1374 1343 1388 1462 1475 1443 1306 1244 1237 1150 1061 1230 
-9999 -9999 -9999 -9999 -9999 -9999 -9999 206 552 -9999 -9999 0 16 112 124 171 249 223 814 923 904 1207 1272 1384 1640 1443 1668 1717 1741 1762 1689 1613 1589 1440 1437 1323 1323 1411 1356 1500 1449 1421 1426 1380 1356 1137 1035 1072 
-9999 -9999 -9999 52 125 0 -9999 -9999 0 6 511 814 926 753 838 1041 913 828 837 843 913 875 1192 1207 1362 1428 1651 1661 1616 1631 1608 1393 1366 1382 1504 1377 1382 1330 1321 1491 1440 1421 1423 1444 1479 1096 998 1149 
592 728 790 213 811 431 -9999 -9999 196 443 972 1178 1241 1276 1077 1230 1115 1066 1077 1235 1178 1131 1061 1130 1240 1371 1346 1614 1435 1341 1184 1148 1136 1203 1377 1377 1432 1321 1282 1511 1410 1415 1237 1305 1235 1263 1098 995 
904 1009 917 531 725 1050 183 20 107 422 1074 1192 1227 1325 1273 1227 1163 1148 1078 1278 1251 1135 1115 1094 1259 1300 1396 1545 1251 1152 1082 1181 1278 1256 1309 1191 1199 1227 1190 1481 1366 1337 1238 1233 1317 1247 1262 1240 
1216 1101 945 726 1012 1203 609 164 23 19 533 896 1056 1237 1421 1304 1165 1232 1078 1129 1031 945 1127 1060 1087 1184 1306 1303 1359 1102 1117 1391 1462 1261 1175 1264 1305 1248 1192 1218 1326 1220 1233 1208 1265 1251 1238 1180 
1053 1046 864 882 1042 1265 1189 999 298 19 305 1073 1196 1163 1144 1185 1106 1109 1035 917 860 948 998 1066 1174 1213 1237 1223 1155 1105 1053 1134 1387 1229 1129 1262 1322 1300 1316 1318 1198 1207 1293 1253 1152 1146 1152 1204 
938 930 859 978 935 1039 1146 993 360 19 252 1133 1097 1062 1058 1086 1031 938 931 832 835 1075 1117 1097 1128 1184 1286 1141 1106 1015 1069 1087 1223 1189 1124 1362 1344 1371 1224 1281 1180 1180 1260 1176 1146 1165 1176 1146 
884 961 1029 1140 1080 1106 1002 1016 445 19 360 670 779 888 1057 1053 1010 918 858 864 1068 1161 1163 1095 1095 1186 1189 1228 1127 1036 998 1028 1119 1176 1240 1248 1317 1226 1226 1268 1280 1180 1197 1201 1146 1146 1146 1146 
991 1032 1160 1224 1164 1146 1080 917 530 45 36 342 788 602 842 530 658 822 819 1050 1047 1116 1145 1065 1037 1118 1060 987 1017 1036 1064 1175 1198 1173 1289 1278 1211 1199 1301 1310 1333 1180 1202 1168 1218 1156 1184 1146 
1027 961 1054 1143 1178 1262 1125 902 813 160 189 80 161 165 276 711 697 712 801 1193 1115 1089 1030 1044 940 950 940 940 961 1133 1181 1165 1166 1218 1262 1254 1159 1249 1271 1284 1284 1223 1151 1151 1151 1151 1232 1234 
1032 980 1285 1188 1373 1367 1283 1040 898 280 532 955 1150 985 934 964 858 730 770 903 1006 907 925 1029 940 940 940 940 1016 1026 1062 1086 1142 1139 1125 1188 1202 1183 1225 1264 1311 1274 1240 1175 1151 1151 1195 1228 
1113 1080 1207 1336 1421 1377 1218 1307 1284 1022 227 928 1256 1190 1126 1079 960 808 748 743 785 782 814 968 940 940 940 1052 1109 1091 1160 1156 1179 1148 1171 1251 1252 1215 1179 1258 1240 1325 1267 1211 1188 1158 1145 1140 
1302 1263 1117 1114 1196 1167 1090 1030 991 688 259 815 1043 1173 1218 1110 946 906 853 923 985 903 823 840 940 1102 1156 1181 1133 1130 1144 1200 1218 1150 1176 1233 1260 1268 1199 1165 1167 1220 1189 1200 1182 1185 1140 1187 
1539 1456 1335 1135 1038 1175 1087 938 973 1062 375 717 976 1142 1202 1079 1003 1015 1019 1125 1108 1005 947 899 1074 1163 1122 1117 1133 1210 1323 1263 1225 1188 1181 1176 1196 1205 1224 1180 1162 1129 1194 1244 1238 1216 1193 1140 
1513 1299 1418 1169 1074 988 1036 940 1071 977 598 869 907 1013 1044 996 1027 1163 1096 981 1012 1024 1071 1049 1011 1114 1081 1128 1286 1229 1244 1273 1246 1231 1220 1195 1184 1179 1200 1164 1213 1129 1135 1235 1256 1222 1233 1192 
1402 1242 1262 1221 1105 1105 1094 1026 1108 879 880 1003 902 917 995 1179 1131 1162 1282 1292 1126 1058 1133 1237 1100 1033 1117 1137 1233 1213 1346 1285 1248 1257 1251 1237 1259 1236 1217 1169 1140 1129 1129 1150 1226 1232 1199 1113 
1343 1222 1242 1261 1165 1187 1178 1162 1118 1074 867 1085 1151 1086 1190 1345 1315 1284 1282 1336 1211 1131 1169 1205 1161 1057 1084 1160 1180 1281 1291 1239 1252 1240 1279 1316 1293 1295 1188 1163 1168 1199 1129 1129 1142 1202 1178 1113 
1379 1289 1213 1263 1194 1110 1150 1095 1056 1012 904 1124 1290 1276 1400 1432 1520 1371 1343 1293 1418 1216 1165 1168 1126 1074 1090 1141 1182 1239 1222 1240 1300 1266 1290 1273 1250 1211 1208 1182 1247 1262 1129 1129 1129 1131 1146 1145 
1241 1245 1314 1177 1083 1096 1100 1136 975 1009 961 1013 1198 1224 1273 1357 1441 1447 1368 1358 1312 1347 1235 1187 1158 1106 1080 1080 1094 1199 1203 1202 1231 1261 1286 1230 1229 1208 1178 1167 1229 1250 1205 1157 1132 1129 1129 1158 
1302 1259 1241 1121 1045 1041 1048 1009 1032 922 1014 1102 1139 1140 1205 1270 1436 1447 1474 1389 1341 1338 1345 1284 1237 1199 1151 1114 1091 1096 1143 1205 1236 1252 1266 1244 1268 1303 1254 1158 1191 1232 1252 1235 1218 1176 1129 1149 
1199 1200 1188 1093 1092 1176 1085 1091 1114 1010 979 1137 1224 1232 1238 1210 1276 1447 1333 1335 1410 1380 1412 1363 1296 1297 1243 1252 1199 1149 1103 1144 1199 1215 1240 1286 1366 1338 1283 1171 1158 1233 1231 1252 1232 1181 1155 1129 
1337 1342 1325 1220 1142 1182 1140 1144 1161 1007 1025 1123 1210 1268 1310 1244 1310 1296 1296 1307 1425 1404 1358 1420 1326 1360 1315 1328 1349 1192 1121 1126 1150 1189 1239 1279 1355 1356 1372 1226 1160 1158 1165 1160 1155 1168 1151 1129 
1290 1266 1352 1214 1089 1105 1099 1142 1181 1006 1021 1142 1188 1208 1228 1283 1459 1357 1395 1282 1402 1371 1297 1372 1369 1361 1334 1313 1285 1207 1192 1156 1188 1179 1182 1249 1300 1359 1353 1296 1199 1158 1165 1161 1165 1203 1164 1159 
1193 1242 1152 1136 1191 1045 1063 1075 1144 1097 991 1018 1121 1193 1273 1431 1367 1439 1385 1268 1265 1304 1280 1345 1359 1355 1374 1371 1340 1249 1190 1181 1227 1251 1239 1214 1320 1326 1313 1311 1236 1183 1172 1162 1170 1178 1159 1194 
1236 1294 1294 1243 1263 1110 1052 1047 1008 994 1080 1105 1184 1334 1506 1459 1481 1489 1410 1338 1289 1245 1277 1250 1362 1320 1352 1397 1378 1259 1210 1236 1290 1275 1282 1216 1231 1296 1382 1310 1302 1198 1185 1185 1175 1171 1178 1197 
1339 1331 1343 1349 1273 1111 1057 1137 1045 997 1045 1215 1309 1475 1429 1409 1403 1416 1394 1422 1364 1245 1240 1235 1238 1285 1337 1325 1332 1313 1239 1225 1291 1289 1237 1244 1216 1252 1308 1339 1360 1245 1197 1174 1184 1184 1177 1179 
1359 1416 1325 1297 1306 1190 1150 1170 1214 1108 997 1125 1250 1341 1376 1389 1393 1334 1320 1350 1281 1259 1270 1263 1232 1236 1256 1281 1296 1316 1273 1228 1213 1283 1246 1225 1231 1220 1281 1288 1299 1316 1190 1207 1216 1225 1249 1216 
1288 1262 1264 1241 1273 1238 1171 1183 1189 1097 1044 1385 1508 1511 1501 1405 1479 1365 1311 1306 1278 1281 1287 1339 1268 1232 1226 1238 1267 1279 1262 1248 1213 1226 1233 1217 1226 1239 1219 1213 1213 1214 1243 1257 1272 1264 1279 1306 
1363 1444 1277 1231 1251 1237 1160 1191 1181 1033 1049 1248 1377 1518 1585 1352 1351 1315 1314 1309 1282 1293 1302 1323 1273 1275 1264 1233 1223 1243 1264 1261 1220 1213 1213 1217 1219 1219 1218 1232 1252 1263 1289 1309 1307 1289 1256 1229 
1393 1398 1385 1329 1246 1245 1148 1132 1077 1066 1060 1107 1221 1255 1356 1339 1297 1299 1300 1293 1302 1289 1282 1312 1293 1292 1312 1311 1237 1223 1237 1255 1220 1216 1213 1213 1215 1214 1217 1258 1291 1315 1272 1280 1270 1254 1297 1338 
1419 1405 1393 1268 1193 1163 1149 1154 1154 1159 1098 1124 1282 1335 1286 1309 1325 1294 1298 1276 1276 1261 1275 1303 1306 1322 1308 1302 1263 1232 1223 1221 1218 1220 1216 1219 1213 1213 1226 1246 1241 1264 1305 1268 1210 1210 1242 1295 
1341 1397 1343 1425 1361 1192 1195 1304 1283 1320 1091 1202 1264 1308 1336 1388 1314 1265 1303 1311 1285 1267 1258 1267 1318 1317 1324 1306 1311 1262 1246 1234 1224 1215 1228 1218 1218 1213 1223 1260 1271 1211 1215 1220 1214 1210 1210 1226 
1375 1354 1350 1371 1368 1326 1209 1399 1379 1304 1148 1223 1270 1303 1321 1341 1319 1255 1247 1244 1244 1258 1272 1260 1279 1280 1291 1294 1304 1291 1254 1249 1261 1232 1223 1219 1226 1234 1220 1210 1213 1210 1210 1210 1224 1258 1232 1210 
1378 1365 1498 1483 1468 1405 1370 1347 1335 1342 1363 1141 1230 1306 1254 1266 1237 1241 1245 1284 1244 1246 1253 1262 1291 1326 1323 1294 1269 1279 1263 1248 1255 1260 1238 1230 1222 1210 1210 1210 1210 1218 1242 1258 1297 1320 1293 1242 
1401 1455 1495 1439 1461 1446 1378 1388 1348 1349 1279 1185 1167 1209 1212 1220 1326 1267 1329 1322 1322 1244 1244 1244 1255 1294 1341 1355 1275 1257 1269 1253 1240 1242 1279 1255 1220 1221 1221 1222 1216 1220 1239 1296 1402 1324 1282 1292 
