data/myrarepro1km.asc
ncols         48
nrows         50
xllcorner     57000
yllcorner     6698000
cellsize      1000
NODATA_value  -9999
-9999 -9999 -9999 -9999 -9999 -9999 -9999 -9999 -9999 -9999 -9999 -9999 -9999 -9999 -9999 -9999 -9999 -9999 -9999 -9999 -9999 -9999 -9999 -9999 -9999 -9999 -9999 -9999 -9999 -9999 -9999 -9999 -9999 -9999 -9999 -9999 -9999 -9999 -9999 -9999 -9999 -9999 -9999 -9999 6 33 12 19 
-9999 -9999 56 24 27 10 -9999 -9999 -9999 -9999 -9999 -9999 -9999 -9999 -9999 -9999 -9999 -9999 -9999 -9999 -9999 -9999 -9999 -9999 -9999 -9999 -9999 -9999 -9999 -9999 -9999 -9999 -9999 -9999 -9999 -9999 -9999 -9999 -9999 -9999 -9999 -9999 -9999 -9999 -9999 -9999 -9999 -9999 
23 -9999 31 30 15 -9999 -9999 -9999 -9999 -9999 -9999 -9999 -9999 -9999 -9999 -9999 -9999 -9999 -9999 -9999 -9999 -9999 -9999 -9999 -9999 -9999 -9999 -9999 -9999 -9999 -9999 -9999 -9999 -9999 -9999 -9999 -9999 -9999 -9999 -9999 -9999 -9999 -9999 -9999 -9999 -9999 -9999 -9999 
22 34 45 23 32 -9999 -9999 -9999 -9999 -9999 -9999 -9999 -9999 -9999 -9999 -9999 -9999 -9999 -9999 -9999 -9999 -9999 -9999 -9999 -9999 -9999 -9999 -9999 -9999 -9999 -9999 -9999 -9999 -9999 -9999 -9999 -9999 -9999 -9999 -9999 -9999 -9999 -9999 -9999 34 -9999 -9999 -9999 
28 25 26 18 18 -9999 -9999 -9999 -9999 -9999 -9999 -9999 -9999 -9999 -9999 -9999 -9999 -9999 -9999 -9999 -9999 -9999 -9999 -9999 -9999 -9999 -9999 -9999 -9999 -9999 -9999 -9999 -9999 -9999 -9999 -9999 -9999 -9999 -9999 -9999 -9999 -9999 -9999 -9999 -9999 -9999 -9999 -9999 
-9999 -9999 -9999 -9999 -9999 -9999 -9999 -9999 -9999 -9999 -9999 -9999 -9999 -9999 -9999 -9999 -9999 -9999 -9999 -9999 -9999 -9999 -9999 -9999 -9999 -9999 -9999 -9999 -9999 -9999 -9999 -9999 -9999 -9999 28 29 -9999 -9999 -9999 -9999 -9999 -9999 -9999 -9999 -9999 -9999 -9999 -9999 
-9999 -9999 -9999 -9999 -9999 -9999 -9999 -9999 -9999 -9999 -9999 -9999 -9999 -9999 -9999 -9999 -9999 -9999 -9999 -9999 -9999 -9999 -9999 -9999 -9999 -9999 -9999 -9999 -9999 -9999 -9999 -9999 -9999 -9999 27 -9999 -9999 -9999 -9999 -9999 -9999 -9999 -9999 -9999 -9999 -9999 -9999 -9999 
-9999 -9999 31 -9999 -9999 -9999 -9999 -9999 -9999 -9999 -9999 -9999 -9999 -9999 -9999 -9999 -9999 -9999 -9999 -9999 -9999 -9999 -9999 -9999 -9999 -9999 -9999 -9999 -9999 -9999 -9999 6 -9999 9 57 69 -9999 -9999 -9999 -9999 46 34 -9999 -9999 -9999 -9999 -9999 -9999 
-9999 43 -9999 -9999 -9999 -9999 -9999 -9999 -9999 -9999 -9999 -9999 -9999 -9999 -9999 -9999 -9999 -9999 -9999 -9999 -9999 -9999 -9999 -9999 -9999 -9999 -9999 -9999 -9999 -9999 12 39 -9999 50 -9999 49 29 -9999 -9999 -9999 -9999 -9999 33 -9999 -9999 -9999 -9999 -9999 
-9999 -9999 -9999 -9999 -9999 -9999 -9999 -9999 -9999 -9999 -9999 -9999 -9999 -9999 -9999 -9999 -9999 -9999 34 -9999 -9999 -9999 -9999 -9999 -9999 -9999 -9999 -9999 -9999 -9999 -9999 -9999 46 66 41 58 -9999 -9999 -9999 -9999 -9999 -9999 26 31 -9999 -9999 12 18 
-9999 -9999 -9999 -9999 -9999 -9999 -9999 -9999 -9999 -9999 -9999 -9999 -9999 -9999 -9999 -9999 -9999 36 40 -9999 -9999 -9999 -9999 -9999 -9999 -9999 -9999 -9999 -9999 -9999 -9999 -9999 -9999 34 31 47 30 -9999 -9999 -9999 -9999 -9999 -9999 37 39 -9999 -9999 -9999 
-9999 -9999 -9999 -9999 -9999 -9999 -9999 -9999 -9999 -9999 -9999 -9999 -9999 -9999 -9999 -9999 -9999 -9999 6 -9999 -9999 -9999 -9999 -9999 -9999 -9999 -9999 -9999 -9999 -9999 -9999 -9999 -9999 61 55 -9999 36 45 21 -9999 -9999 -9999 -9999 -9999 -9999 -9999 -9999 -9999 
-9999 -9999 -9999 -9999 -9999 -9999 -9999 -9999 -9999 -9999 -9999 -9999 -9999 -9999 -9999 -9999 -9999 -9999 -9999 23 -9999 -9999 -9999 -9999 -9999 -9999 -9999 -9999 -9999 -9999 -9999 -9999 -9999 -9999 -9999 -9999 -9999 -9999 18 -9999 -9999 -9999 -9999 -9999 -9999 29 -9999 -9999 
-9999 -9999 -9999 -9999 -9999 -9999 -9999 -9999 -9999 -9999 -9999 -9999 -9999 -9999 -9999 -9999 -9999 20 -9999 -9999 -9999 -9999 -9999 -9999 -9999 -9999 -9999 -9999 -9999 -9999 -9999 -9999 -9999 -9999 -9999 -9999 -9999 -9999 -9999 -9999 -9999 -9999 29 -9999 -9999 -9999 -9999 -9999 
20 -9999 -9999 -9999 -9999 -9999 -9999 -9999 -9999 -9999 -9999 -9999 -9999 -9999 -9999 -9999 -9999 -9999 -9999 -9999 -9999 -9999 -9999 -9999 -9999 -9999 -9999 -9999 -9999 -9999 -9999 -9999 -9999 -9999 -9999 -9999 -9999 -9999 -9999 -9999 -9999 -9999 -9999 -9999 -9999 -9999 31 -9999 
-9999 -9999 -9999 -9999 -9999 -9999 -9999 -9999 -9999 -9999 -9999 -9999 -9999 -9999 -9999 -9999 -9999 -9999 -9999 46 18 -9999 -9999 -9999 -9999 -9999 -9999 -9999 -9999 -9999 -9999 -9999 -9999 -9999 -9999 -9999 -9999 -9999 -9999 -9999 -9999 -9999 -9999 -9999 -9999 -9999 18 -9999 
-9999 -9999 -9999 -9999 -9999 -9999 -9999 -9999 -9999 -9999 -9999 -9999 -9999 -9999 25 -9999 14 28 15 64 35 24 -9999 23 -9999 -9999 -9999 -9999 -9999 -9999 -9999 -9999 -9999 -9999 -9999 -9999 -9999 -9999 -9999 -9999 -9999 -9999 -9999 -9999 -9999 -9999 -9999 -9999 
-9999 -9999 23 -9999 -9999 -9999 -9999 -9999 -9999 -9999 -9999 -9999 -9999 -9999 -9999 12 23 23 23 16 15 -9999 -9999 28 -9999 -9999 -9999 -9999 -9999 -9999 17 38 -9999 -9999 -9999 -9999 -9999 -9999 -9999 -9999 -9999 -9999 -9999 -9999 -9999 -9999 -9999 -9999 
-9999 25 31 -9999 -9999 -9999 -9999 -9999 -9999 -9999 -9999 -9999 -9999 43 25 29 15 25 28 -9999 26 17 22 36 -9999 -9999 -9999 -9999 -9999 18 26 -9999 -9999 -9999 -9999 9 -9999 -9999 -9999 -9999 -9999 -9999 -9999 -9999 -9999 -9999 -9999 -9999 
-9999 31 16 10 10 -9999 -9999 -9999 -9999 -9999 -9999 -9999 -9999 -9999 -9999 15 50 -9999 33 -9999 30 54 9 34 -9999 -9999 -9999 -9999 -9999 12 26 -9999 -9999 -9999 20 25 -9999 -9999 -9999 -9999 -9999 -9999 -9999 18 12 -9999 -9999 -9999 
-9999 25 24 25 42 -9999 -9999 28 -9999 -9999 -9999 -9999 -9999 -9999 12 6 19 11 32 57 46 28 27 18 14 -9999 -9999 -9999 -9999 46 15 -9999 -9999 7 -9999 -9999 -9999 -9999 -9999 -9999 -9999 -9999 -9999 -9999 -9999 9 -9999 -9999 
-9999 12 42 33 36 23 27 16 -9999 -9999 -9999 18 -9999 28 25 20 15 30 34 65 49 17 23 23 12 -9999 12 18 -9999 -9999 21 -9999 -9999 31 -9999 -9999 -9999 -9999 -9999 -9999 -9999 -9999 -9999 -9999 -9999 -9999 -9999 6 
33 28 15 12 20 26 21 21 -9999 -9999 -9999 -9999 -9999 32 28 20 21 36 55 47 23 25 18 15 25 22 17 -9999 -9999 23 29 -9999 -9999 -9999 -9999 -9999 -9999 -9999 -9999 -9999 -9999 -9999 -9999 20 -9999 -9999 -9999 -9999 
50 26 21 -9999 -9999 18 25 26 19 -9999 -9999 -9999 31 -9999 -9999 -9999 17 39 56 23 17 19 19 26 12 7 16 14 23 23 24 -9999 -9999 -9999 -9999 -9999 -9999 -9999 -9999 -9999 -9999 -9999 -9999 18 28 17 -9999 -9999 
55 33 25 27 29 18 -9999 36 46 -9999 -9999 -9999 -9999 -9999 -9999 40 34 28 30 9 15 18 17 25 18 -9999 -9999 -9999 -9999 18 -9999 -9999 12 16 -9999 -9999 -9999 -9999 -9999 -9999 -9999 -9999 25 31 26 21 -9999 -9999 
35 44 18 21 17 33 -9999 26 38 -9999 -9999 29 28 54 -9999 12 24 48 57 29 26 24 14 15 14 -9999 -9999 40 20 28 24 35 25 9 22 -9999 20 -9999 -9999 20 -9999 -9999 -9999 37 -9999 25 13 22 
35 29 26 12 18 -9999 21 -9999 6 -9999 -9999 16 -9999 18 40 26 37 44 53 45 36 42 36 14 -9999 -9999 -9999 21 23 38 31 -9999 15 -9999 21 18 -9999 -9999 -9999 29 15 -9999 -9999 -9999 -9999 -9999 18 9 
-9999 18 23 26 25 15 26 31 29 33 6 23 18 29 19 39 60 48 46 28 25 32 34 40 25 -9999 -9999 19 32 22 25 9 -9999 23 23 35 -9999 -9999 21 35 45 -9999 -9999 -9999 18 6 27 -9999 
-9999 -9999 -9999 32 29 25 24 33 33 38 18 9 30 22 30 45 52 45 44 36 33 17 22 41 27 12 21 28 23 21 27 30 21 33 25 31 25 17 28 24 21 -9999 23 22 17 20 27 -9999 
-9999 -9999 -9999 53 34 35 39 28 24 14 -9999 34 41 26 42 58 30 26 17 20 42 38 22 6 23 20 32 15 15 24 27 21 28 34 15 15 15 40 22 -9999 12 -9999 19 27 26 23 20 12 
-9999 -9999 -9999 -9999 22 28 41 26 25 26 21 42 43 27 29 15 34 31 18 20 25 32 20 -9999 38 17 25 26 28 23 6 34 39 21 30 15 -9999 -9999 17 27 43 -9999 16 20 22 29 23 -9999 
-9999 -9999 25 23 44 26 18 19 28 24 31 6 35 33 -9999 -9999 9 22 23 26 22 32 12 31 13 14 19 26 26 18 28 30 26 14 21 17 35 14 20 30 12 -9999 -9999 33 25 25 30 27 
-9999 34 -9999 18 19 32 17 19 29 31 31 23 21 41 -9999 9 25 38 18 23 21 63 50 23 21 34 39 25 42 27 18 29 12 21 22 40 24 39 36 23 22 -9999 -9999 -9999 -9999 28 27 46 
-9999 -9999 -9999 -9999 15 20 32 13 25 28 28 32 23 37 41 -9999 -9999 12 56 41 31 31 51 33 12 33 42 33 53 20 38 32 38 36 28 24 22 19 19 34 22 26 -9999 25 -9999 35 26 12 
-9999 -9999 18 25 51 28 42 30 23 37 21 24 20 34 30 44 -9999 -9999 -9999 27 36 22 -9999 -9999 12 22 23 16 30 39 15 31 29 30 24 32 26 16 34 45 -9999 25 42 11 13 10 -9999 9 
12 12 37 30 47 26 17 31 15 26 43 21 23 22 24 35 29 -9999 28 24 -9999 18 -9999 -9999 29 10 23 27 16 16 31 33 31 26 20 23 15 13 21 43 21 18 19 12 20 45 28 -9999 
28 31 -9999 34 21 21 20 19 27 29 47 23 26 39 48 40 39 28 27 38 -9999 -9999 25 -9999 20 -9999 15 27 19 33 28 21 23 27 31 43 -9999 18 -9999 34 25 25 28 37 27 40 10 13 
21 21 -9999 27 29 40 27 20 27 47 34 -9999 25 20 41 63 -9999 30 16 28 -9999 62 35 25 25 10 32 28 23 35 27 32 33 34 41 21 15 19 14 15 41 35 27 37 35 -9999 25 10 
25 25 -9999 25 30 40 39 28 20 22 66 53 44 14 31 -9999 18 -9999 20 27 66 34 26 16 31 30 21 16 21 32 25 32 42 49 36 33 14 23 45 12 -9999 28 15 19 30 20 33 28 
20 14 10 34 23 26 41 34 54 54 29 6 31 -9999 -9999 16 23 81 26 17 31 18 35 30 28 25 34 25 10 25 21 36 46 39 45 29 55 55 15 27 32 21 30 9 30 24 15 40 
12 27 35 -9999 28 32 44 21 46 42 23 -9999 -9999 -9999 -9999 59 24 -9999 10 -9999 -9999 33 52 34 39 22 27 39 36 32 27 34 42 26 39 37 39 40 45 40 25 -9999 38 42 26 28 35 30 
-9999 -9999 27 -9999 -9999 -9999 21 29 23 26 24 9 -9999 41 -9999 14 17 24 26 23 26 53 43 20 55 47 37 40 49 32 17 20 20 22 22 36 24 29 30 23 22 -9999 24 -9999 29 15 28 28 
9 25 22 31 12 23 25 20 14 27 20 -9999 41 25 -9999 -9999 -9999 32 19 27 34 20 40 26 21 34 55 25 33 47 25 10 50 41 30 33 22 31 -9999 25 16 34 29 25 33 33 31 22 
18 -9999 15 26 12 26 28 21 28 35 14 -9999 24 -9999 -9999 28 29 28 25 29 23 15 33 43 26 19 30 33 27 17 28 16 25 36 31 33 55 36 47 37 40 27 23 28 18 25 35 28 
10 -9999 9 29 38 32 38 29 42 40 26 23 22 40 -9999 17 37 32 22 23 34 23 28 34 41 40 29 14 19 33 13 29 44 43 -9999 19 66 53 34 28 33 27 46 33 42 18 27 27 
9 14 12 17 30 31 28 23 37 25 25 21 -9999 16 23 25 27 42 48 25 33 32 27 39 24 25 20 34 26 30 38 41 45 31 29 33 30 55 34 37 48 30 20 18 32 19 32 32 
17 -9999 -9999 -9999 47 31 15 12 6 12 13 52 -9999 -9999 22 -9999 25 25 15 20 25 18 37 40 30 16 29 19 31 21 37 56 52 27 23 32 29 17 35 18 49 46 27 -9999 29 23 27 15 
-9999 12 26 28 30 39 25 -9999 -9999 12 17 15 -9999 -9999 10 20 27 44 28 28 24 16 31 36 30 40 31 23 22 27 28 43 47 44 27 25 26 28 25 29 40 53 23 18 16 20 25 30 
-9999 -9999 -9999 -9999 -9999 -9999 31 -9999 -9999 43 25 20 14 -9999 31 43 32 48 48 19 13 40 23 33 26 6 25 27 29 37 35 45 44 33 38 27 22 15 68 8 27 28 36 29 31 29 29 24 
-9999 -9999 -9999 -9999 -9999 20 28 -9999 28 28 15 15 -9999 18 18 18 38 55 33 26 22 12 22 35 57 29 26 12 23 38 41 29 46 31 14 32 24 21 23 23 29 28 41 17 16 43 27 33 
