data/tregrense1km.asc
ncols         48
nrows         50
xllcorner     57000
yllcorner     6698000
cellsize      1000
NODATA_value  -9999
[rows 0 to 36 of 50, columns 0 to 47 of 48]
694,2105 692,4349 690,6594 688,8837 673,0264 665,3782 685,1295 704,8808 724,6321 744,3833 764,1346 783,8859 803,6371 823,3884 843,1397 862,891 882,6423 902,3936 922,1448 941,8961 950,5429 954,0638 957,5847 961,1055 964,6264 968,1473 971,6682 975,189 978,7099 982,2308 985,7516 989,2725 991,6452 993,3467 995,0482 996,7496 998,4511 1000,153 1001,854 1003,556 1005,257 1006,958 1008,66 1010,361 1012,063 1013,764 1015,466 1017,167
664,4836 662,708 660,9324 659,1569 643,6793 659,6165 679,3678 699,1191 718,8704 738,6216 758,3729 778,1241 797,8754 817,6267 837,378 857,1293 876,8806 896,6318 916,3831 936,1344 949,9123 953,4332 956,954 960,4749 963,9958 967,5167 971,0375 974,5584 978,0793 981,6002 985,121 988,6419 992,1628 994,592 996,2935 997,9949 999,6964 1001,398 1003,099 1004,801 1006,502 1008,204 1009,905 1011,607 1013,308 1015,01 1016,711 1018,413
635,2597 632,9811 631,2056 629,4299 634,1035 653,8548 673,6061 693,3574 713,1086 732,8599 752,6111 772,3624 792,1137 811,865 831,6163 851,3676 871,1188 890,8701 910,6214 930,3727 949,2817 952,8026 956,3234 959,8443 963,3652 966,886 970,4069 973,9278 977,4487 980,9695 984,4904 988,0113 991,5322 995,053 997,5388 999,2403 1000,942 1002,643 1004,345 1006,046 1007,748 1009,449 1011,151 1012,852 1014,554 1016,255 1017,957 1019,658
640,522 635,5362 630,5504 626,2192 627,4488 648,0931 667,8444 687,5956 707,3469 727,0982 746,8494 766,6007 786,352 806,1033 825,8546 845,6058 865,3571 885,1084 904,8597 924,611 944,3622 952,1719 955,6928 959,2137 962,7346 966,2554 969,7763 973,2972 976,8181 980,3389 983,8598 987,3807 990,9016 994,4224 997,9433 1000,486 1002,187 1003,889 1005,59 1007,292 1008,993 1010,694 1012,396 1014,097 1015,799 1017,5 1019,202 1020,903
645,7843 640,7985 635,8127 637,1393 629,7696 640,9718 662,0826 681,8339 701,5852 721,3365 741,0877 760,839 780,5903 800,3416 820,0928 839,8441 859,5954 879,3467 899,098 918,8492 938,6005 951,5413 955,0622 958,5831 962,1039 965,6248 969,1457 972,6666 976,1874 979,7083 983,2292 986,7501 990,2709 993,7918 997,3127 1000,834 1003,432 1005,134 1006,835 1008,537 1010,238 1011,94 1013,641 1015,343 1017,044 1018,746 1020,447 1022,149
651,0466 646,0609 644,0822 648,0595 648,431 -9999 -9999 676,0722 695,8235 715,5748 735,326 755,0773 774,8286 794,5798 814,3311 834,0824 853,8337 873,585 893,3362 913,0875 932,8388 950,9107 954,4316 957,9525 961,4733 964,9942 968,5151 972,0359 975,5568 979,0777 982,5986 986,1194 989,6403 993,1612 996,6821 1000,203 1003,724 1006,379 1008,081 1009,782 1011,484 1013,185 1014,887 1016,588 1018,29 1019,991 1021,693 1023,394
-9999 651,3231 655,0024 658,9796 -9999 -9999 640,9406 668,0179 690,0618 709,813 729,5643 749,3156 769,0668 788,8181 808,5694 828,3207 848,072 867,8232 887,5745 907,3258 927,0771 946,8284 953,801 957,3218 960,8427 964,3636 967,8845 971,4053 974,9262 978,4471 981,968 985,4888 989,0097 992,5306 996,0514 999,5723 1003,093 1006,614 1009,326 1011,027 1012,729 1014,43 1016,132 1017,833 1019,535 1021,236 1022,938 1024,639
-9999 661,9453 665,9225 -9999 -9999 650,6454 627,3863 654,4636 681,541 704,0513 723,8026 743,5538 763,3051 783,0564 802,8077 822,559 842,3102 862,0615 881,8128 901,5641 921,3154 941,0667 953,1703 956,6912 960,2121 963,733 967,2538 970,7747 974,2956 977,8165 981,3373 984,8582 988,3791 991,8999 995,4208 998,9417 1002,463 1005,983 1009,504 1012,273 1013,974 1015,676 1017,377 1019,079 1020,78 1022,482 1024,183 1025,885
-9999 672,8654 -9999 -9999 684,7972 669,3068 634,1984 640,9094 667,9867 695,064 718,0409 737,7921 757,5434 777,2947 797,046 816,7972 836,5485 856,2998 876,0511 895,8024 915,5536 935,3049 952,5397 956,0606 959,5815 963,1024 966,6232 970,1441 973,665 977,1859 980,7067 984,2276 987,7484 991,2693 994,7902 998,311 1001,832 1005,353 1008,874 1012,395 1015,22 1016,921 1018,622 1020,324 1022,025 1023,727 1025,428 1027,13
679,8083 -9999 -9999 691,7401 695,7174 687,9682 652,8598 627,3551 654,4324 681,5097 708,587 732,0304 751,7817 771,533 791,2842 811,0355 830,7868 850,5381 870,2894 890,0406 909,7919 929,5432 949,2945 955,43 958,9509 962,4717 965,9926 969,5135 973,0344 976,5552 980,076 983,5969 987,1178 990,6387 994,1595 997,6804 1001,201 1004,722 1008,243 1011,764 1015,285 1018,166 1019,868 1021,569 1023,271 1024,972 1026,674 1028,375
690,7285 -9999 698,683 702,6603 706,6375 706,6296 671,5212 636,4128 640,8781 667,9554 695,0327 722,11 746,02 765,7712 785,5225 805,2738 825,0251 844,7764 864,5276 884,2789 904,0302 923,7815 943,5328 954,7994 958,3203 961,8411 965,362 968,8829 972,4037 975,9246 979,4454 982,9663 986,4872 990,0081 993,5289 997,0498 1000,571 1004,092 1007,612 1011,133 1014,654 1018,175 1021,113 1022,815 1024,516 1026,218 1027,919 1029,62
-9999 -9999 709,6031 713,5804 717,5577 721,535 690,1826 655,0742 627,3239 654,4012 681,4785 708,5558 735,6331 760,0095 779,7608 799,5121 819,2634 839,0146 858,7659 878,5172 898,2685 918,0198 937,7711 954,1688 957,6896 961,2105 964,7314 968,2522 971,7731 975,2939 978,8148 982,3357 985,8566 989,3774 992,8983 996,4192 999,9401 1003,461 1006,982 1010,503 1014,024 1017,544 1021,065 1024,06 1025,761 1027,463 1029,164 1030,866
-9999 716,5461 720,5233 724,5006 728,4778 732,4551 708,844 673,7356 638,6271 640,8469 667,9242 695,0015 722,0788 749,1561 773,9991 793,7504 813,5016 833,2529 853,0042 872,7555 892,5068 912,2581 932,0093 951,7606 957,059 960,5799 964,1007 967,6216 971,1425 974,6633 978,1842 981,7051 985,226 988,7468 992,2677 995,7886 999,3094 1002,83 1006,351 1009,872 1013,393 1016,914 1020,435 1023,956 1027,007 1028,708 1030,41 1032,111
723,489 727,4662 731,4435 735,4208 739,398 743,3752 727,5054 692,397 657,2886 627,2926 654,3699 681,4472 708,5245 735,6019 762,6791 787,9886 807,7399 827,4912 847,2425 866,9938 886,7451 906,4963 926,2476 945,9989 956,4283 959,9492 963,4701 966,991 970,5118 974,0327 977,5536 981,0745 984,5953 988,1162 991,6371 995,158 998,6788 1002,2 1005,721 1009,241 1012,762 1016,283 1019,804 1023,325 1026,846 1029,953 1031,655 1033,356
734,4091 -9999 -9999 -9999 -9999 -9999 746,1668 711,0584 675,95 640,8416 640,8157 667,8929 694,9703 722,0476 749,1249 776,2022 801,9782 821,7295 841,4808 861,2321 880,9833 900,7346 920,4859 940,2372 955,7977 959,3186 962,8395 966,3604 969,8812 973,4021 976,923 980,4438 983,9647 987,4856 991,0065 994,5273 998,0482 1001,569 1005,09 1008,611 1012,132 1015,653 1019,173 1022,694 1026,215 1029,736 1032,9 1034,602
-9999 -9999 -9999 -9999 -9999 -9999 -9999 729,7198 694,6114 659,5029 -9999 -9999 681,416 708,4933 735,5706 762,6479 789,7252 815,9678 835,7191 855,4703 875,2216 894,9729 914,7242 934,4755 954,2267 958,688 962,2089 965,7297 969,2506 972,7715 976,2924 979,8132 983,3341 986,855 990,3759 993,8967 997,4176 1000,938 1004,459 1007,98 1011,501 1015,022 1018,543 1022,064 1025,585 1029,105 1032,626 1035,847
-9999 757,423 764,204 768,1812 772,1585 -9999 -9999 -9999 -9999 678,1644 643,0559 640,7844 667,8617 694,939 722,0164 749,0936 776,171 803,2483 829,9573 849,7086 869,4599 889,2112 908,9625 928,7137 948,465 958,0574 961,5782 965,0991 968,62 972,1409 975,6617 979,1826 982,7035 986,2244 989,7452 993,2661 996,787 1000,308 1003,829 1007,35 1010,87 1014,391 1017,912 1021,433 1024,954 1028,475 1031,996 1035,517
738,4839 755,9684 773,4528 779,1014 783,0786 787,0559 -9999 -9999 731,9342 696,8257 661,7173 627,2302 654,3074 681,3848 708,4621 735,5394 762,6167 789,694 816,7713 843,8486 863,6982 883,4495 903,2007 922,952 942,7033 957,4268 960,9476 964,4685 967,9894 971,5103 975,0311 978,552 982,0729 985,5938 989,1146 992,6355 996,1564 999,6772 1003,198 1006,719 1010,24 1013,761 1017,282 1020,802 1024,323 1027,844 1031,365 1034,888
737,0293 754,5137 771,9982 789,4826 793,9988 797,9761 801,9533 785,704 750,5956 715,4872 680,3787 645,2703 640,7532 667,8305 694,9078 721,9851 749,0624 776,1397 803,217 830,2944 857,3716 877,6877 897,439 917,1903 936,9416 956,6929 960,317 963,8379 967,3588 970,8796 974,4005 977,9214 981,4423 984,9631 988,484 992,0049 995,5258 999,0466 1002,568 1006,088 1009,609 1013,13 1016,651 1020,172 1023,693 1027,384 1031,176 1034,968
735,5746 753,0591 770,5435 788,028 804,9189 808,8962 812,8735 804,3655 769,257 734,1486 699,0402 663,9317 628,8233 654,2762 681,3535 708,4308 735,5081 762,5854 789,6628 816,7401 843,8174 870,8947 891,6773 911,4286 931,1799 950,9312 959,6864 963,2073 966,7281 970,249 973,7699 977,2908 980,8116 984,3325 987,8534 991,3743 994,8951 998,416 1001,937 1005,458 1008,979 1012,5 1016,088 1019,88 1023,672 1027,464 1031,255 1035,047
734,12 751,6044 769,0889 786,5733 804,0577 819,8164 823,7936 823,0269 787,9185 752,81 717,7015 682,5931 647,4847 640,7219 667,7993 694,8766 721,9539 749,0312 776,1085 803,1858 830,2631 857,3405 884,4177 905,6669 925,4182 945,1694 959,0558 962,5767 966,0975 969,6184 973,1393 976,6602 980,181 983,7019 987,2228 990,7437 994,2645 997,7854 1001,306 1004,827 1008,584 1012,376 1016,167 1019,959 1023,751 1027,543 1031,335 1035,126
732,6653 750,1498 767,6342 785,1187 802,6031 820,0875 834,7138 838,691 806,5798 771,4714 736,363 701,2545 666,1461 631,0377 654,245 681,3223 708,3996 735,4769 762,5542 789,6315 816,7089 843,7861 870,8635 897,9408 919,6564 939,4077 958,4252 961,946 965,4669 968,9878 972,5087 976,0295 979,5504 983,0713 986,5922 990,113 993,6339 997,2878 1001,08 1004,871 1008,663 1012,455 1016,247 1020,039 1023,83 1027,622 1031,414 1035,206
731,2107 748,6951 766,1796 783,664 801,1484 818,6329 836,1173 849,6112 825,2413 790,1328 755,0244 719,916 684,8075 649,6991 640,6907 667,768 694,8453 721,9226 748,9999 776,0773 803,1545 830,2319 857,3092 884,3865 911,4638 933,646 953,3973 961,3154 964,8363 968,3572 971,8781 975,3989 978,9198 982,4407 985,9917 989,7835 993,5753 997,3671 1001,159 1004,951 1008,742 1012,534 1016,326 1020,118 1023,91 1027,701 1031,493 1035,285
753,2654 768,3223 783,3792 798,436 813,4929 828,5498 843,3954 856,9686 843,7247 808,722 773,6858 738,5773 703,4689 668,3605 633,252 654,2137 681,2911 708,3683 735,4457 762,523 789,6003 816,6776 843,7549 870,8322 897,9095 924,9869 947,6356 960,6848 964,2057 967,7266 971,2474 974,7683 978,4875 982,2792 986,071 989,8629 993,6547 997,4464 1001,238 1005,03 1008,822 1012,614 1016,405 1020,197 1023,989 1027,781 1031,573 1035,364
775,7048 789,2781 802,8513 816,4246 829,9978 843,571 857,1443 870,7175 861,2308 826,2281 791,2253 756,2226 721,2199 686,2172 652,5919 659,8755 683,5252 707,1749 730,8246 754,4743 778,124 803,1234 830,2006 857,278 884,3553 911,4326 938,5099 960,0542 963,5751 967,1914 970,9832 974,775 978,5668 982,3586 986,1504 989,9422 993,734 997,5258 1001,318 1005,109 1008,901 1012,693 1016,485 1020,277 1024,068 1027,86 1031,652 1035,444
789,4537 803,027 816,6002 830,1734 843,7466 857,3199 870,8931 884,4664 878,737 843,7343 808,7315 773,7288 738,726 703,7233 687,188 683,7409 707,3906 731,0403 754,69 778,3397 801,9894 825,639 849,2888 872,9385 896,5881 920,2379 943,8875 961,7847 963,7357 967,2708 971,0626 974,8544 978,6461 982,4379 986,2297 990,0215 993,8133 997,6051 1001,397 1005,189 1008,981 1012,772 1016,564 1020,356 1024,148 1027,939 1031,731 1035,523
803,2026 816,7758 830,3491 843,9223 857,4955 871,0688 884,642 898,2153 896,2431 861,2404 826,2376 791,2349 756,2321 730,1633 721,7842 713,4051 731,256 754,9056 778,5554 802,205 825,8547 849,5045 873,1541 896,8038 920,4535 944,1032 962,11 966,6177 968,5688 970,5198 972,4709 974,9337 978,7255 982,5173 986,3091 990,1009 993,8926 997,6844 1001,476 1005,268 1009,06 1012,852 1016,643 1020,435 1024,227 1028,019 1031,811 1035,602
816,9515 830,5247 844,098 857,6711 871,2444 884,8176 898,3909 911,9641 913,7492 878,7465 843,7438 808,741 773,7383 764,7594 756,3803 748,0012 755,1213 778,771 802,4207 826,0704 849,7201 873,3698 897,0195 920,6692 944,3188 962,1686 968,605 971,4508 973,4019 975,3529 977,304 979,255 981,2061 983,1571 986,3884 990,1802 993,972 997,7638 1001,556 1005,347 1009,139 1012,931 1016,723 1020,515 1024,306 1028,098 1031,89 1035,682
830,7003 844,2736 857,8468 871,42 884,9933 898,5665 912,1398 925,713 931,2554 896,2526 861,2499 826,2471 807,7346 799,3555 790,9764 782,5974 778,9867 802,6364 826,2861 849,9358 873,5854 897,2352 920,8848 944,5345 962,2274 968,6636 974,3329 976,2839 978,235 980,186 982,1371 984,0881 986,0392 987,9902 989,9412 991,8923 994,0513 997,8431 1001,635 1005,427 1009,219 1013,01 1016,802 1020,594 1024,386 1028,177 1031,969 1035,761
844,4492 858,0225 871,5957 885,1689 898,7421 912,3154 925,8886 939,4619 948,7615 913,7587 878,756 850,7098 842,3307 833,9517 825,5726 817,1935 808,8144 826,5018 850,1514 873,8011 897,4508 921,1005 944,7502 962,2861 968,7224 975,1586 979,166 981,117 983,0681 985,0191 986,9702 988,9212 990,8723 992,8233 994,7744 996,7254 998,6765 1000,628 1002,579 1005,506 1009,298 1013,09 1016,881 1020,673 1024,465 1028,257 1032,049 1035,84
860,6942 871,7713 885,3445 898,9178 912,491 926,0643 939,6375 953,2108 966,2676 931,2649 896,2621 885,306 876,9269 868,5478 860,1687 851,7896 843,4105 850,3671 874,0168 897,6665 921,3162 944,9659 962,3447 968,7811 975,2173 981,6536 983,999 985,9501 987,9011 989,8522 991,8032 993,7543 995,7053 997,6564 999,6074 1001,558 1003,51 1005,461 1007,412 1009,363 1011,314 1013,265 1016,961 1020,753 1024,544 1028,336 1032,128 1035,92
895,6097 901,3307 907,0516 912,7726 926,2399 939,8131 953,3864 966,9596 980,5328 948,771 928,2812 919,9021 911,523 903,1439 894,7648 886,3857 878,0067 874,2325 897,8822 921,5319 945,1816 962,4034 968,8397 975,2761 981,7123 986,881 988,8321 990,7831 992,7342 994,6852 996,6363 998,5873 1000,538 1002,489 1004,44 1006,392 1008,343 1010,294 1012,245 1014,196 1016,147 1018,098 1020,049 1022 1024,624 1028,416 1032,207 1035,999
930,5252 936,2462 941,9671 947,6881 953,4091 959,13 967,1353 980,7085 994,2817 971,2564 962,8773 954,4982 946,1191 937,7401 929,361 920,9819 912,6028 904,2238 921,7476 945,3972 962,4622 968,8984 975,3347 981,7711 988,2073 991,7141 993,6652 995,6162 997,5673 999,5183 1001,469 1003,42 1005,371 1007,323 1009,274 1011,225 1013,176 1015,127 1017,078 1019,029 1020,98 1022,931 1024,882 1026,833 1028,784 1030,735 1032,686 1036,078
936,8456 945,7505 954,6553 963,5602 972,4651 981,3699 990,2748 999,1797 1008,085 1005,853 997,4734 989,0944 980,7153 972,3362 963,9571 955,578 947,199 938,8199 945,6129 962,5208 968,9572 975,3934 981,8297 988,2661 994,5961 996,5472 998,4982 1000,449 1002,4 1004,351 1006,302 1008,253 1010,205 1012,156 1014,107 1016,058 1018,009 1019,96 1021,911 1023,862 1025,813 1027,764 1029,715 1031,666 1033,617 1035,568 1037,519 1039,47
936,9597 945,8646 954,7694 963,6743 972,5792 981,484 990,3889 999,2938 1008,199 1006,89 1001,581 996,272 990,963 985,6539 980,3448 975,0358 969,7268 964,4178 962,1602 968,8143 975,4521 981,8884 988,3247 994,761 999,4292 1001,38 1003,331 1005,282 1007,233 1009,184 1011,135 1013,087 1015,038 1016,989 1018,94 1020,891 1022,842 1024,793 1026,744 1028,695 1030,646 1032,597 1034,548 1036,499 1038,45 1040,401 1042,352 1044,303
937,0738 945,9786 954,8835 963,7884 972,6932 981,5981 990,503 999,4078 1008,313 1007,874 1002,565 997,2555 991,9465 986,6374 981,3284 976,0193 970,7103 965,4012 966,2772 972,9313 979,5854 986,2394 992,8936 999,5476 1000,901 1003,342 1005,783 1008,224 1010,665 1013,106 1015,547 1017,92 1019,871 1021,822 1023,773 1025,724 1027,675 1029,626 1031,577 1033,528 1035,479 1037,43 1039,381 1041,332 1043,283 1045,234 1047,185 1049,136
937,1879 946,0927 954,9976 963,9025 972,8073 981,7122 990,6171 999,5219 1008,427 1008,857 1003,548 998,239 992,9299 987,6209 982,3119 977,0028 971,6938 966,3848 970,3942 977,0483 983,7024 990,3564 997,0106 1001,708 1001,617 1002,814 1005,255 1007,696 1010,137 1012,578 1015,019 1017,46 1019,901 1022,342 1024,782 1027,223 1029,664 1032,105 1034,546 1036,987 1039,428 1041,869 1044,214 1046,165 1048,116 1050,067 1052,018 1053,969
